N,Z,E,U(E),known,A,N-Z,N/Z
1,0,0.0,0.0,1,1,1,inf
0,1,0.0,0.0,1,1,-1,0.0
1,1,1112.2831,0.0002,1,2,0,1.0
2,1,2827.2654,0.0003,1,3,1,2.0
1,2,2572.68044,0.00015,1,3,-1,0.5
0,3,-2267.0,667.0,0,3,-3,0.0
3,1,1720.4491,25.0,1,4,2,3.0
2,2,7073.9156,0.0002,1,4,0,1.0
1,3,1153.7603,53.033,1,4,-2,0.3333333333333333
4,1,1336.3592,17.8885,1,5,3,4.0
3,2,5512.1325,4.0,1,5,1,1.5
2,3,5266.1325,10.0,1,5,-1,0.6666666666666666
1,4,18.0,401.0,0,5,-3,0.25
5,1,961.6395,42.3545,1,6,4,5.0
4,2,4878.5199,0.0089,1,6,2,2.0
3,3,5332.3312,0.0003,1,6,0,1.0
2,4,4487.2478,0.908,1,6,-2,0.5
1,5,-467.0,334.0,0,6,-4,0.2
6,1,940.0,143.0,0,7,5,6.0
5,2,4123.0578,1.0799,1,7,3,2.5
4,3,5606.4401,0.0006,1,7,1,1.3333333333333333
3,4,5371.5487,0.0101,1,7,-1,0.75
2,5,3558.7055,3.5929,1,7,-3,0.4
6,2,3924.521,0.0111,1,8,4,3.0
5,3,5159.7124,0.0059,1,8,2,1.6666666666666667
4,4,7062.4356,0.0044,1,8,0,1.0
3,5,4717.1551,0.125,1,8,-2,0.6
2,6,3101.5242,2.2804,1,8,-4,0.3333333333333333
7,2,3349.038,5.2018,1,9,5,3.5
6,3,5037.7685,0.0207,1,9,3,2.0
5,4,6462.6693,0.0085,1,9,1,1.25
4,5,6257.0713,0.1003,1,9,-1,0.8
3,6,4337.4233,0.2374,1,9,-3,0.5
8,2,2995.134,9.2848,1,10,6,4.0
7,3,4531.3512,1.2721,1,10,4,2.3333333333333335
6,4,6497.6306,0.0081,1,10,2,1.5
5,5,6475.0835,0.0015,1,10,0,1.0
4,6,6032.0426,0.007,1,10,-2,0.6666666666666666
3,7,3643.6724,40.0,1,10,-4,0.42857142857142855
8,3,4155.3817,0.0559,1,11,5,2.6666666666666665
7,4,5952.5402,0.0216,1,11,3,1.75
6,5,6927.7323,0.0011,1,11,1,1.2
5,6,6676.4563,0.0054,1,11,-1,0.8333333333333334
4,7,5358.4023,0.4546,1,11,-3,0.5714285714285714
3,8,3162.4372,5.458,1,11,-5,0.375
9,3,3791.5999,2.5005,1,12,6,3.0
8,4,5720.7223,0.159,1,12,4,2.0
7,5,6631.2237,0.1101,1,12,2,1.4
6,6,7680.1446,0.0002,1,12,0,1.0
5,7,6170.11,0.0833,1,12,-2,0.7142857142857143
4,8,4881.9755,1.0,1,12,-4,0.5
10,3,3507.6307,5.3848,1,13,7,3.3333333333333335
9,4,5241.4359,0.7831,1,13,5,2.25
8,5,6496.4194,0.0769,1,13,3,1.6
7,6,7469.8495,0.0002,1,13,1,1.1666666666666667
6,7,7238.8634,0.0207,1,13,-1,0.8571428571428571
5,8,5811.7636,0.7328,1,13,-3,0.625
4,9,4297.0,38.0,0,13,-5,0.4444444444444444
10,4,4993.8973,9.4461,1,14,6,2.5
9,5,6101.6451,1.5152,1,14,4,1.8
8,6,7520.3198,0.0004,1,14,2,1.3333333333333333
7,7,7475.6148,0.0002,1,14,0,1.0
6,8,7052.2783,0.0018,1,14,-2,0.75
5,9,5285.2091,2.9371,1,14,-4,0.5555555555555556
11,4,4540.9708,11.0532,1,15,7,2.75
10,5,5880.0438,1.4019,1,15,5,2.0
9,6,7100.1696,0.0533,1,15,3,1.5
8,7,7699.4603,0.0002,1,15,1,1.1428571428571428
7,8,7463.6915,0.0327,1,15,-1,0.875
6,9,6497.4597,0.9333,1,15,-3,0.6666666666666666
5,10,4868.7285,4.4456,1,15,-5,0.5
12,4,4285.2851,10.3623,1,16,8,3.0
11,5,5507.3535,1.5354,1,16,6,2.2
10,6,6922.0546,0.2236,1,16,4,1.6666666666666667
9,7,7373.7971,0.1438,1,16,2,1.2857142857142858
8,8,7976.2072,0.0002,1,16,0,1.0
7,9,6964.049,0.3353,1,16,-2,0.7777777777777778
6,10,6083.1777,1.28,1,16,-4,0.6
12,5,5269.6677,12.0061,1,17,7,2.4
11,6,6558.0262,1.0215,1,17,5,1.8333333333333333
10,7,7286.2294,0.8824,1,17,3,1.4285714285714286
9,8,7750.7291,0.0002,1,17,1,1.125
8,9,7542.3284,0.0146,1,17,-1,0.8888888888888888
7,10,6640.4991,0.0208,1,17,-3,0.7
6,11,5522.7653,3.5068,1,17,-5,0.5454545454545454
13,5,4976.6306,11.3425,1,18,8,2.6
12,6,6426.1321,1.6667,1,18,6,2.0
11,7,7038.5627,1.0316,1,18,4,1.5714285714285714
10,8,7767.0981,0.0002,1,18,2,1.25
9,9,7631.6383,0.0257,1,18,0,1.0
8,10,7341.2577,0.0202,1,18,-2,0.8
7,11,6202.2176,5.2156,1,18,-4,0.6363636363636364
14,5,4719.6346,27.6507,1,19,9,2.8
13,6,6118.274,5.1784,1,19,7,2.1666666666666665
12,7,6948.5452,0.8634,1,19,5,1.7142857142857142
11,8,7566.4952,0.1388,1,19,3,1.375
10,9,7779.0192,0.0002,1,19,1,1.1111111111111112
9,10,7567.3431,0.0084,1,19,-1,0.9
8,11,6937.8864,0.5545,1,19,-3,0.7272727272727273
7,12,5901.4992,3.1579,1,19,-5,0.5833333333333334
15,5,4405.6529,27.3178,1,20,10,3.0
14,6,5961.4356,11.5312,1,20,8,2.3333333333333335
13,7,6709.1717,3.9447,1,20,6,1.8571428571428572
12,8,7568.5707,0.0442,1,20,4,1.5
11,9,7720.1351,0.0015,1,20,2,1.2222222222222223
10,10,8032.2412,0.0002,1,20,0,1.0
9,11,7298.5028,0.0554,1,20,-2,0.8181818181818182
8,12,6728.0252,0.0931,1,20,-4,0.6666666666666666
16,5,4152.5265,26.6031,1,21,11,3.2
15,6,5674.0,28.0,0,21,9,2.5
14,7,6609.0159,6.3832,1,21,7,2.0
13,8,7389.3747,0.5714,1,21,5,1.625
12,9,7738.2934,0.0857,1,21,3,1.3333333333333333
11,10,7971.7136,0.0018,1,21,1,1.1
10,11,7765.5581,0.002,1,21,-1,0.9090909090909091
9,12,7105.0317,0.0359,1,21,-3,0.75
8,13,6297.0,29.0,0,21,-5,0.6153846153846154
16,6,5421.0778,10.5223,1,22,10,2.6666666666666665
15,7,6378.5347,9.4445,1,22,8,2.142857142857143
14,8,7364.8722,2.5873,1,22,6,1.75
13,9,7624.2954,0.5636,1,22,4,1.4444444444444444
12,10,8080.4656,0.0008,1,22,2,1.2
11,11,7915.6624,0.006,1,22,0,1.0
10,12,7662.7645,0.0072,1,22,-2,0.8333333333333334
9,13,6782.0,18.0,0,22,-4,0.6923076923076923
8,14,6044.0,23.0,0,22,-6,0.5714285714285714
17,6,5077.0,43.0,0,23,11,2.8333333333333335
16,7,6236.6721,18.2856,1,23,9,2.2857142857142856
15,8,7163.4856,5.2918,1,23,7,1.875
14,9,7622.3447,1.4487,1,23,5,1.5555555555555556
13,10,7955.2561,0.0045,1,23,3,1.3
12,11,8111.4936,0.0002,1,23,1,1.0909090909090908
11,12,7901.1229,0.0014,1,23,-1,0.9166666666666666
10,13,7335.7275,0.015,1,23,-3,0.7692307692307693
9,14,6554.0,22.0,0,23,-5,0.6428571428571429
17,7,5887.0,17.0,0,24,10,2.4285714285714284
16,8,7039.6855,6.8698,1,24,8,2.0
15,9,7463.5831,4.0696,1,24,6,1.6666666666666667
14,10,7993.3252,0.0214,1,24,4,1.4
13,11,8063.4882,0.0007,1,24,2,1.1818181818181819
12,12,8260.7103,0.0006,1,24,0,1.0
11,13,7649.5806,0.0095,1,24,-2,0.8461538461538461
10,14,7167.2329,0.8113,1,24,-4,0.7142857142857143
9,15,6165.0,21.0,0,24,-6,0.6
18,7,5613.0,20.0,0,25,11,2.5714285714285716
17,8,6727.8058,6.6034,1,25,9,2.125
16,9,7336.3065,3.8577,1,25,7,1.7777777777777777
15,10,7839.7994,1.1618,1,25,5,1.5
14,11,8101.3979,0.048,1,25,3,1.2727272727272727
13,12,8223.5028,0.0019,1,25,1,1.0833333333333333
12,13,8021.1366,0.0026,1,25,-1,0.9230769230769231
11,14,7480.1109,0.4,1,25,-3,0.7857142857142857
10,15,6794.0,16.0,0,25,-5,0.6666666666666666
18,8,6497.479,6.3442,1,26,10,2.25
17,9,7082.2497,4.1164,1,26,8,1.8888888888888888
16,10,7751.911,0.7088,1,26,6,1.6
15,11,8004.2013,0.1347,1,26,4,1.3636363636363635
14,12,8333.8711,0.0011,1,26,2,1.1666666666666667
13,13,8149.7653,0.0026,1,26,0,1.0
12,14,7924.7083,0.0041,1,26,-2,0.8571428571428571
11,15,7198.0,8.0,0,26,-4,0.7333333333333333
10,16,6525.0,23.0,0,26,-6,0.625
19,8,6185.0,19.0,0,27,11,2.375
18,9,6879.6662,4.4518,1,27,9,2.0
17,10,7520.4151,3.3619,1,27,7,1.7
16,11,7956.9467,0.138,1,27,5,1.4545454545454546
15,12,8263.8525,0.0018,1,27,3,1.25
14,13,8331.5533,0.0018,1,27,1,1.0769230769230769
13,14,8124.342,0.004,1,27,-1,0.9285714285714286
12,15,7661.0894,0.3334,1,27,-3,0.8
11,16,6960.0,15.0,0,27,-5,0.6875
20,8,5988.0,25.0,0,28,12,2.5
19,9,6626.8567,4.2981,1,28,10,2.111111111111111
18,10,7388.3463,4.5024,1,28,8,1.8
17,11,7799.2644,0.3659,1,28,6,1.5454545454545454
16,12,8272.4531,0.0093,1,28,4,1.3333333333333333
15,13,8309.8969,0.0018,1,28,2,1.1538461538461537
14,14,8447.7445,0.0002,1,28,0,1.0
13,15,7907.4842,0.041,1,28,-2,0.8666666666666667
12,16,7478.7911,5.7143,1,28,-4,0.75
11,17,6587.0,18.0,0,28,-6,0.6470588235294118
20,9,6444.0314,18.116,1,29,11,2.2222222222222223
19,10,7167.0673,5.1553,1,29,9,1.9
18,11,7682.1522,0.253,1,29,7,1.6363636363636365
17,12,8113.5317,0.0119,1,29,5,1.4166666666666667
16,13,8348.4647,0.0119,1,29,3,1.2307692307692308
15,14,8448.6361,0.0002,1,29,1,1.0714285714285714
14,15,8251.2368,0.0124,1,29,-1,0.9333333333333333
13,16,7746.3826,0.4497,1,29,-3,0.8125
12,17,7129.0,7.0,0,29,-5,0.7058823529411765
11,18,6276.0,15.0,0,29,-7,0.6111111111111112
21,9,6205.0,17.0,0,30,12,2.3333333333333335
20,10,7034.5317,8.4417,1,30,10,2.0
19,11,7501.9685,0.1576,1,30,8,1.7272727272727273
18,12,8054.425,0.0432,1,30,6,1.5
17,13,8261.1049,0.0645,1,30,4,1.3076923076923077
16,14,8520.6549,0.0008,1,30,2,1.1428571428571428
15,15,8353.5064,0.0022,1,30,0,1.0
14,16,8122.7081,0.0069,1,30,-2,0.875
13,17,7472.1698,0.7959,1,30,-4,0.7647058823529411
12,18,6866.0,6.0,0,30,-6,0.6666666666666666
22,9,6011.0,17.0,0,31,13,2.4444444444444446
21,10,6813.0902,8.5869,1,31,11,2.1
20,11,7398.6778,0.4507,1,31,9,1.8181818181818181
19,12,7869.1886,0.0992,1,31,7,1.5833333333333333
18,13,8225.518,0.0721,1,31,5,1.3846153846153846
17,14,8458.2916,0.0014,1,31,3,1.2142857142857142
16,15,8481.1677,0.0002,1,31,1,1.0666666666666667
15,16,8281.8013,0.0074,1,31,-1,0.9375
14,17,7869.2101,0.1112,1,31,-3,0.8235294117647058
13,18,7252.0,6.0,0,31,-5,0.7222222222222222
12,19,6487.0,10.0,0,31,-7,0.631578947368421
22,10,6671.0,16.0,0,32,12,2.2
21,11,7219.8815,1.1644,1,32,10,1.9090909090909092
20,12,7803.8411,0.1019,1,32,8,1.6666666666666667
19,13,8100.3449,0.2241,1,32,6,1.4615384615384615
18,14,8481.469,0.0093,1,32,4,1.2857142857142858
17,15,8464.1203,0.0013,1,32,2,1.1333333333333333
16,16,8493.1301,0.0002,1,32,0,1.0
15,17,8072.4058,0.0176,1,32,-2,0.8823529411764706
14,18,7700.0089,0.0553,1,32,-4,0.7777777777777778
13,19,6920.0,12.0,0,32,-6,0.6842105263157895
23,10,6436.0,18.0,0,33,13,2.3
22,11,7089.9262,13.6337,1,33,11,2.0
21,12,7636.4382,0.0807,1,33,9,1.75
20,13,8020.6172,0.2117,1,33,7,1.5384615384615385
19,14,8361.0596,0.0212,1,33,5,1.3571428571428572
18,15,8513.8073,0.033,1,33,3,1.2
17,16,8497.6304,0.0002,1,33,1,1.0625
16,17,8304.7557,0.0118,1,33,-1,0.9411764705882353
15,18,7928.9559,0.0121,1,33,-3,0.8333333333333334
14,19,7392.0,6.0,0,33,-5,0.7368421052631579
13,20,6657.0,12.0,0,33,-7,0.65
24,10,6287.0,15.0,0,34,14,2.4
23,11,6886.4377,17.6299,1,34,12,2.090909090909091
22,12,7550.3919,0.2027,1,34,10,1.8333333333333333
21,13,7860.3506,0.0619,1,34,8,1.6153846153846154
20,14,8337.1659,0.0236,1,34,6,1.4285714285714286
19,15,8448.1856,0.0238,1,34,4,1.2666666666666666
18,16,8583.4986,0.0013,1,34,2,1.125
17,17,8398.9706,0.0014,1,34,0,1.0
16,18,8197.6724,0.0023,1,34,-2,0.8888888888888888
15,19,7670.0,6.0,0,34,-4,0.7894736842105263
14,20,7173.0,9.0,0,34,-6,0.7
24,11,6745.0,19.0,0,35,13,2.1818181818181817
23,12,7356.2338,7.7048,1,35,11,1.9166666666666667
22,13,7787.1243,0.2103,1,35,9,1.6923076923076923
21,14,8169.5644,1.0245,1,35,7,1.5
20,15,8446.2496,0.0533,1,35,5,1.3333333333333333
19,16,8537.8511,0.0012,1,35,3,1.1875
18,17,8520.279,0.001,1,35,1,1.0588235294117647
17,18,8327.4621,0.0194,1,35,-1,0.9444444444444444
16,19,7965.8409,0.0146,1,35,-3,0.8421052631578947
15,20,7476.0,6.0,0,35,-5,0.75
14,21,6828.0,11.0,0,35,-7,0.6666666666666666
25,11,6557.0,19.0,0,36,14,2.272727272727273
24,12,7244.4202,19.1733,1,36,12,2.0
23,13,7623.5154,4.1529,1,36,10,1.7692307692307692
22,14,8112.5199,1.9944,1,36,8,1.5714285714285714
21,15,8307.8692,0.3643,1,36,6,1.4
20,16,8575.39,0.0052,1,36,4,1.25
19,17,8521.9322,0.001,1,36,2,1.1176470588235294
18,18,8519.9096,0.0008,1,36,0,1.0
17,19,8142.2233,0.009,1,36,-2,0.8947368421052632
16,20,7815.8799,1.1111,1,36,-4,0.8
15,21,7166.0,8.0,0,36,-6,0.7142857142857143
26,11,6403.0,19.0,0,37,15,2.3636363636363638
25,12,7055.1115,18.8905,1,37,13,2.0833333333333335
24,13,7531.316,4.8715,1,37,11,1.8461538461538463
23,14,7952.9033,3.0759,1,37,9,1.6428571428571428
22,15,8267.5561,1.0256,1,37,7,1.4666666666666666
21,16,8459.9363,0.0054,1,37,5,1.3125
20,17,8570.2816,0.0014,1,37,3,1.1764705882352942
19,18,8527.1406,0.0056,1,37,1,1.0555555555555556
18,19,8339.848,0.0025,1,37,-1,0.9473684210526315
17,20,8003.4567,0.0171,1,37,-3,0.85
16,21,7525.0,8.0,0,37,-5,0.7619047619047619
15,22,6926.0,11.0,0,37,-7,0.6818181818181818
27,11,6216.0,19.0,0,38,16,2.4545454545454546
26,12,6928.0,13.0,0,38,14,2.1666666666666665
25,13,7370.0,4.0,0,38,12,1.9230769230769231
24,14,7892.8297,2.7577,1,38,10,1.7142857142857142
23,15,8147.2749,1.91,1,38,8,1.5333333333333334
22,16,8448.7829,0.1887,1,38,6,1.375
21,17,8505.4817,0.0026,1,38,4,1.2352941176470589
20,18,8614.2807,0.0051,1,38,2,1.1111111111111112
19,19,8438.0593,0.0051,1,38,0,1.0
18,20,8240.0434,0.0051,1,38,-2,0.9
17,21,7751.0,5.0,0,38,-4,0.8095238095238095
16,22,7319.0,8.0,0,38,-6,0.7272727272727273
28,11,6056.0,19.0,0,39,17,2.5454545454545454
27,12,6734.0,13.0,0,39,15,2.25
26,13,7260.0,8.0,0,39,13,2.0
25,14,7730.9793,3.4752,1,39,11,1.7857142857142858
24,15,8097.9701,2.8883,1,39,9,1.6
23,16,8344.2698,1.2821,1,39,7,1.4375
22,17,8494.4032,0.0444,1,39,5,1.2941176470588236
21,18,8562.5988,0.1282,1,39,3,1.1666666666666667
20,19,8557.0258,0.0003,1,39,1,1.0526315789473684
19,20,8369.6711,0.0153,1,39,-1,0.95
18,21,8013.4575,0.6154,1,39,-3,0.8571428571428571
17,22,7566.0,5.0,0,39,-5,0.7727272727272727
16,23,7031.0,10.0,0,39,-7,0.6956521739130435
28,12,6598.0,13.0,0,40,16,2.3333333333333335
27,13,7097.0,7.0,0,40,14,2.076923076923077
26,14,7655.8247,3.0498,1,40,12,1.8571428571428572
25,15,7981.4177,2.0902,1,40,10,1.6666666666666667
24,16,8329.3255,0.0996,1,40,8,1.5
23,17,8427.766,0.8016,1,40,6,1.3529411764705883
22,18,8595.2594,0.0002,1,40,4,1.2222222222222223
21,19,8538.0907,0.0014,1,40,2,1.105263157894737
20,20,8551.3046,0.0006,1,40,0,1.0
19,21,8173.6697,0.0707,1,40,-2,0.9047619047619048
18,22,7865.8632,1.7061,1,40,-4,0.8181818181818182
17,23,7310.0,7.0,0,40,-6,0.7391304347826086
29,12,6425.0,12.0,0,41,17,2.4166666666666665
28,13,6980.0,10.0,0,41,15,2.1538461538461537
27,14,7482.0,7.0,0,41,13,1.9285714285714286
26,15,7906.5513,2.9308,1,41,11,1.7333333333333334
25,16,8229.6358,0.1,1,41,9,1.5625
24,17,8412.9593,1.6762,1,41,7,1.411764705882353
23,18,8534.3733,0.0085,1,41,5,1.2777777777777777
22,19,8576.0731,0.0003,1,41,3,1.1578947368421053
21,20,8546.7075,0.0034,1,41,1,1.05
20,21,8369.1979,0.0019,1,41,-1,0.9523809523809523
19,22,8034.3889,0.6816,1,41,-3,0.8636363636363636
18,23,7625.0,5.0,0,41,-5,0.782608695652174
17,24,7116.0,10.0,0,41,-7,0.7083333333333334
29,13,6829.0,12.0,0,42,16,2.230769230769231
28,14,7410.0,7.0,0,42,14,2.0
27,15,7765.9122,2.2621,1,42,12,1.8
26,16,8193.2275,0.0665,1,42,10,1.625
25,17,8345.8864,1.4194,1,42,8,1.4705882352941178
24,18,8555.6141,0.1375,1,42,6,1.3333333333333333
23,19,8551.2571,0.0025,1,42,4,1.2105263157894737
22,20,8616.5646,0.0035,1,42,2,1.1
21,21,8444.9303,0.0037,1,42,0,1.0
20,22,8259.24,0.0064,1,42,-2,0.9090909090909091
19,23,7824.0,5.0,0,42,-4,0.8260869565217391
18,24,7456.0,7.0,0,42,-6,0.75
30,13,6712.0,14.0,0,43,17,2.3076923076923075
29,14,7251.0,9.0,0,43,15,2.0714285714285716
28,15,7681.0,7.0,0,43,13,1.8666666666666667
27,16,8063.8276,0.1156,1,43,11,1.6875
26,17,8323.8672,1.4386,1,43,9,1.5294117647058822
25,18,8488.2382,0.1235,1,43,7,1.3888888888888888
24,19,8576.2204,0.0095,1,43,5,1.263157894736842
23,20,8600.6653,0.0053,1,43,3,1.15
22,21,8530.8265,0.0433,1,43,1,1.0476190476190477
21,22,8352.8054,0.133,1,43,-1,0.9545454545454546
20,23,8069.5129,0.9965,1,43,-3,0.8695652173913043
19,24,7680.0,5.0,0,43,-5,0.7916666666666666
18,25,7213.0,9.0,0,43,-7,0.72
30,14,7156.0,11.0,0,44,16,2.142857142857143
29,15,7552.0,9.0,0,44,14,1.9333333333333333
28,16,7996.0154,0.1186,1,44,12,1.75
27,17,8234.4788,1.9447,1,44,10,1.588235294117647
26,18,8493.8411,0.036,1,44,8,1.4444444444444444
25,19,8546.7023,0.0095,1,44,6,1.3157894736842106
24,20,8658.1769,0.0074,1,44,4,1.2
23,21,8557.3805,0.0399,1,44,2,1.0952380952380953
22,22,8533.5215,0.0159,1,44,0,1.0
21,23,8203.4567,0.1651,1,44,-2,0.9130434782608695
20,24,7949.6265,1.1644,1,44,-4,0.8333333333333334
19,25,7457.0,7.0,0,44,-6,0.76
31,14,7004.0,13.0,0,45,17,2.2142857142857144
30,15,7456.0,11.0,0,45,15,2.0
29,16,7867.0,7.0,0,45,13,1.8125
28,17,8181.5991,3.0259,1,45,11,1.6470588235294117
27,18,8419.9526,0.0114,1,45,9,1.5
26,19,8554.6747,0.0116,1,45,7,1.368421052631579
25,20,8630.5467,0.0081,1,45,5,1.25
24,21,8618.941,0.0147,1,45,3,1.1428571428571428
23,22,8555.7321,0.0186,1,45,1,1.0454545454545454
22,23,8380.0394,0.0192,1,45,-1,0.9565217391304348
21,24,8087.7286,0.7866,1,45,-3,0.875
20,25,7747.0,7.0,0,45,-5,0.8
19,26,7299.0,6.0,0,45,-7,0.7307692307692307
31,15,7320.0,11.0,0,46,16,2.066666666666667
30,16,7785.0,9.0,0,46,14,1.875
29,17,8080.7757,2.1141,1,46,12,1.7058823529411764
28,18,8412.3835,0.0506,1,46,10,1.5555555555555556
27,19,8518.0428,0.0158,1,46,8,1.4210526315789473
26,20,8668.9848,0.0486,1,46,6,1.3
25,21,8622.0215,0.0146,1,46,4,1.1904761904761905
24,22,8656.4623,0.002,1,46,2,1.0909090909090908
23,23,8486.1423,0.0029,1,46,0,1.0
22,24,8303.8233,0.249,1,46,-2,0.9166666666666666
21,25,7916.0805,1.8832,1,46,-4,0.84
20,26,7603.0,7.0,0,46,-6,0.7692307692307693
32,15,7209.0,13.0,0,47,17,2.1333333333333333
31,16,7652.0,9.0,0,47,15,1.9375
30,17,7992.0,4.0,0,47,13,1.7647058823529411
29,18,8311.425,0.0258,1,47,11,1.6111111111111112
28,19,8514.8795,0.0297,1,47,9,1.4736842105263157
27,20,8639.3548,0.0473,1,47,7,1.35
26,21,8665.0958,0.0411,1,47,5,1.2380952380952381
25,22,8661.2325,0.0017,1,47,3,1.1363636363636365
24,23,8582.2348,0.0024,1,47,1,1.0434782608695652
23,24,8407.2067,0.1106,1,47,-1,0.9583333333333334
22,25,8135.3117,0.6738,1,47,-3,0.88
21,26,7790.0,11.0,0,47,-5,0.8076923076923077
20,27,7396.0,13.0,0,47,-7,0.7407407407407407
32,16,7552.0,10.0,0,48,16,2.0
31,17,7883.0,10.0,0,48,14,1.8235294117647058
30,18,8243.6656,0.3493,1,48,12,1.6666666666666667
29,19,8434.2324,0.0161,1,48,10,1.5263157894736843
28,20,8666.6916,0.0004,1,48,8,1.4
27,21,8656.2097,0.1031,1,48,6,1.2857142857142858
26,22,8723.0122,0.0016,1,48,4,1.1818181818181819
25,23,8623.0686,0.0202,1,48,2,1.0869565217391304
24,24,8572.2553,0.1523,1,48,0,1.0
23,25,8274.1924,0.1396,1,48,-2,0.92
22,26,8022.7254,1.9212,1,48,-4,0.8461538461538461
21,27,7595.0,10.0,0,48,-6,0.7777777777777778
20,28,7236.0,9.0,0,48,-8,0.7142857142857143
33,16,7400.0,12.0,0,49,17,2.0625
32,17,7785.0,8.0,0,49,15,1.8823529411764706
31,18,8132.0,8.0,0,49,13,1.7222222222222223
30,19,8372.2753,0.0164,1,49,11,1.5789473684210527
29,20,8594.85,0.0036,1,49,9,1.45
28,21,8686.2805,0.0463,1,49,7,1.3333333333333333
27,22,8711.1625,0.0016,1,49,5,1.2272727272727273
26,23,8682.9135,0.0168,1,49,3,1.1304347826086956
25,24,8613.2777,0.0449,1,49,1,1.0416666666666667
24,25,8439.915,0.0452,1,49,-1,0.96
23,26,8161.3121,0.4943,1,49,-3,0.8846153846153846
22,27,7840.0,10.0,0,49,-5,0.8148148148148148
21,28,7450.0,12.0,0,49,-7,0.75
33,17,7651.0,8.0,0,50,16,1.9411764705882353
32,18,8054.0,10.0,0,50,14,1.7777777777777777
31,19,8288.5833,0.1546,1,50,12,1.631578947368421
30,20,8550.1639,0.0317,1,50,10,1.5
29,21,8633.4747,0.0503,1,50,8,1.380952380952381
28,22,8755.7227,0.0017,1,50,6,1.2727272727272727
27,23,8695.9032,0.0019,1,50,4,1.173913043478261
26,24,8701.0188,0.0019,1,50,2,1.0833333333333333
25,25,8532.6823,0.0023,1,50,0,1.0
24,26,8354.0268,0.1677,1,50,-2,0.9230769230769231
23,27,8000.6387,2.515,1,50,-4,0.8518518518518519
22,28,7702.0,10.0,0,50,-6,0.7857142857142857
34,17,7530.0,14.0,0,51,17,2.0
33,18,7922.0,8.0,0,51,15,1.8333333333333333
32,19,8221.335,0.2557,1,51,13,1.6842105263157894
31,20,8476.9135,0.0102,1,51,11,1.55
30,21,8597.2213,0.0493,1,51,9,1.4285714285714286
29,22,8708.9912,0.0095,1,51,7,1.3181818181818181
28,23,8742.0852,0.0019,1,51,5,1.2173913043478262
27,24,8711.9923,0.0033,1,51,3,1.125
26,25,8633.7602,0.006,1,51,1,1.04
25,26,8460.4977,0.0274,1,51,-1,0.9615384615384616
24,27,8193.2549,0.9498,1,51,-3,0.8888888888888888
23,28,7870.0,10.0,0,51,-5,0.8214285714285714
35,17,7386.0,13.0,0,52,18,2.0588235294117645
34,18,7827.0,12.0,0,52,16,1.8888888888888888
33,19,8115.0303,0.6449,1,52,14,1.736842105263158
32,20,8429.3821,0.0129,1,52,12,1.6
31,21,8534.6695,0.0591,1,52,10,1.4761904761904763
30,22,8691.8193,0.0528,1,52,8,1.3636363636363635
29,23,8714.569,0.0031,1,52,6,1.2608695652173914
28,24,8775.9946,0.0022,1,52,4,1.1666666666666667
27,25,8670.4087,0.0025,1,52,2,1.08
26,26,8609.6079,0.0035,1,52,0,1.0
25,27,8325.5606,0.1016,1,52,-2,0.9259259259259259
24,28,8083.8977,1.5943,1,52,-4,0.8571428571428571
23,29,7671.0,12.0,0,52,-6,0.7931034482758621
35,18,7677.0,13.0,0,53,17,1.9444444444444444
34,19,8022.8488,2.109,1,53,15,1.7894736842105263
33,20,8330.5778,0.826,1,53,13,1.65
32,21,8492.8325,0.3339,1,53,11,1.5238095238095237
31,22,8631.1256,0.0545,1,53,9,1.4090909090909092
30,23,8710.1425,0.0585,1,53,7,1.3043478260869565
29,24,8760.2103,0.0022,1,53,5,1.2083333333333333
28,25,8734.1798,0.0065,1,53,3,1.12
27,26,8648.7985,0.0315,1,53,1,1.0384615384615385
26,27,8477.6578,0.0326,1,53,-1,0.9629629629629629
25,28,8217.0749,0.4745,1,53,-3,0.8928571428571429
24,29,7891.0,9.0,0,53,-5,0.8275862068965517
36,18,7578.0,15.0,0,54,18,2.0
35,19,7891.0,7.0,0,54,16,1.8421052631578947
34,20,8247.4967,0.897,1,54,14,1.7
33,21,8404.8115,0.2588,1,54,12,1.5714285714285714
32,22,8599.6917,0.2932,1,54,10,1.4545454545454546
31,23,8662.1382,0.207,1,54,8,1.3478260869565217
30,24,8777.9672,0.0025,1,54,6,1.25
29,25,8737.9768,0.0186,1,54,4,1.16
28,26,8736.3846,0.0064,1,54,2,1.0769230769230769
27,27,8569.2199,0.0066,1,54,0,1.0
26,28,8393.0328,0.0862,1,54,-2,0.9285714285714286
25,29,8045.0,7.0,0,54,-4,0.8620689655172413
24,30,7742.0,4.0,0,54,-6,0.8
36,19,7792.0,9.0,0,55,17,1.894736842105263
35,20,8125.926,2.913,1,55,15,1.75
34,21,8333.3694,1.1347,1,55,13,1.619047619047619
33,22,8518.9696,0.525,1,55,11,1.5
32,23,8637.3391,0.4912,1,55,9,1.391304347826087
31,24,8731.9362,0.0042,1,55,7,1.2916666666666667
30,25,8765.0247,0.0047,1,55,5,1.2
29,26,8746.5981,0.0056,1,55,3,1.1153846153846154
28,27,8669.6204,0.0074,1,55,1,1.037037037037037
27,28,8497.3225,0.0128,1,55,-1,0.9642857142857143
26,29,8233.997,2.8284,1,55,-3,0.896551724137931
25,30,7904.0,7.0,0,55,-5,0.8333333333333334
37,19,7663.0,11.0,0,56,18,1.9473684210526316
36,20,8033.1654,4.4579,1,56,16,1.8
35,21,8233.5781,4.6369,1,56,14,1.6666666666666667
34,22,8467.9495,1.7893,1,56,12,1.5454545454545454
33,23,8574.7006,3.1408,1,56,10,1.434782608695652
32,24,8723.2609,0.0103,1,56,8,1.3333333333333333
31,25,8738.3358,0.0052,1,56,6,1.24
30,26,8790.3563,0.0048,1,56,4,1.1538461538461537
29,27,8694.8386,0.0085,1,56,2,1.0740740740740742
28,28,8642.7811,0.0071,1,56,0,1.0
27,29,8355.9907,0.1142,1,56,-2,0.9310344827586207
26,30,8106.0,7.0,0,56,-4,0.8666666666666667
25,31,7707.0,9.0,0,56,-6,0.8064516129032258
38,19,7563.0,11.0,0,57,19,2.0
37,20,7912.0,7.0,0,57,17,1.85
36,21,8158.1666,3.154,1,57,15,1.7142857142857142
35,22,8372.9008,3.6119,1,57,13,1.5909090909090908
34,23,8535.1967,1.4871,1,57,11,1.4782608695652173
33,24,8663.3998,0.0327,1,57,9,1.375
32,25,8736.7146,0.0264,1,57,7,1.28
31,26,8770.2829,0.0047,1,57,5,1.1923076923076923
30,27,8741.8845,0.009,1,57,3,1.1111111111111112
29,28,8670.9364,0.0099,1,57,1,1.0357142857142858
28,29,8503.2646,0.0088,1,57,-1,0.9655172413793104
27,30,8231.0,4.0,0,57,-3,0.9
26,31,7916.0,7.0,0,57,-5,0.8387096774193549
39,19,7437.0,12.0,0,58,20,2.0526315789473686
38,20,7828.0,9.0,0,58,18,1.9
37,21,8054.9436,3.2763,1,58,16,1.7619047619047619
36,22,8307.629,3.161,1,58,14,1.6363636363636365
35,23,8458.156,1.652,1,58,12,1.5217391304347827
34,24,8643.9987,0.0514,1,58,10,1.4166666666666667
33,25,8696.6438,0.0466,1,58,8,1.32
32,26,8792.2534,0.0055,1,58,6,1.2307692307692308
31,27,8738.9719,0.0199,1,58,4,1.1481481481481481
30,28,8732.0621,0.006,1,58,2,1.0714285714285714
29,29,8570.9696,0.0097,1,58,0,1.0
28,30,8395.9467,0.8621,1,58,-2,0.9333333333333333
27,31,8059.0,5.0,0,58,-4,0.8709677419354839
26,32,7770.0,9.0,0,58,-6,0.8125
40,19,7332.0,14.0,0,59,21,2.1052631578947367
39,20,7708.0,10.0,0,59,19,1.95
38,21,7976.4073,4.2312,1,59,17,1.8095238095238095
37,22,8218.0,5.0,0,59,15,1.6818181818181819
36,23,8403.8034,2.3288,1,59,13,1.565217391304348
35,24,8568.5995,0.0114,1,59,11,1.4583333333333333
34,25,8680.9224,0.0395,1,59,9,1.36
33,26,8754.7746,0.0056,1,59,7,1.2692307692307692
32,27,8768.0379,0.0067,1,59,5,1.1851851851851851
31,28,8736.5912,0.006,1,59,3,1.1071428571428572
30,29,8642.0027,0.009,1,59,1,1.0344827586206897
29,30,8473.7802,0.0129,1,59,-1,0.9666666666666667
28,31,8232.0,3.0,0,59,-3,0.9032258064516129
27,32,7924.0,7.0,0,59,-5,0.84375
40,20,7627.0,12.0,0,60,20,2.0
39,21,7873.0,8.0,0,60,18,1.8571428571428572
38,22,8152.7858,4.0054,1,60,16,1.7272727272727273
37,23,8322.8751,3.0324,1,60,14,1.608695652173913
36,24,8540.1876,0.0186,1,60,12,1.5
35,25,8628.1392,0.0388,1,60,10,1.4
34,26,8755.8539,0.0568,1,60,8,1.3076923076923077
33,27,8746.7692,0.0067,1,60,6,1.2222222222222223
32,28,8780.7769,0.0059,1,60,4,1.1428571428571428
31,29,8665.6047,0.0269,1,60,2,1.0689655172413792
30,30,8583.0524,0.0091,1,60,0,1.0
29,31,8327.0,3.0,0,60,-2,0.9354838709677419
28,32,8113.0,5.0,0,60,-4,0.875
27,33,7735.0,7.0,0,60,-6,0.8181818181818182
41,20,7503.0,13.0,0,61,21,2.05
40,21,7794.0,10.0,0,61,19,1.9047619047619047
39,22,8058.0,5.0,0,61,17,1.7727272727272727
38,23,8271.0417,3.8511,1,61,15,1.6521739130434783
37,24,8460.1734,0.0305,1,61,13,1.5416666666666667
36,25,8598.9157,0.0382,1,61,11,1.44
35,26,8703.7686,0.0428,1,61,9,1.3461538461538463
34,27,8756.151,0.0138,1,61,7,1.2592592592592593
33,28,8765.0281,0.0058,1,61,5,1.1785714285714286
32,29,8715.5148,0.0156,1,61,3,1.103448275862069
31,30,8610.3098,0.2606,1,61,1,1.0333333333333334
30,31,8446.4313,0.6228,1,61,-1,0.967741935483871
29,32,8215.0,5.0,0,61,-3,0.90625
28,33,7930.0,5.0,0,61,-5,0.8484848484848485
41,21,7688.0,10.0,0,62,20,1.9523809523809523
40,22,7990.0,6.0,0,62,18,1.8181818181818181
39,23,8187.7565,4.2627,1,62,16,1.6956521739130435
38,24,8427.3871,0.0556,1,62,14,1.5833333333333333
37,25,8538.5002,0.1055,1,62,12,1.48
36,26,8692.8831,0.0451,1,62,10,1.3846153846153846
35,27,8721.3347,0.2996,1,62,8,1.2962962962962963
34,28,8794.5555,0.0069,1,62,6,1.2142857142857142
33,29,8718.0839,0.0103,1,62,4,1.1379310344827587
32,30,8679.3451,0.0099,1,62,2,1.0666666666666667
31,31,8518.6449,0.0103,1,62,0,1.0
30,32,8347.0,2.0,0,62,-2,0.9375
29,33,8049.0,5.0,0,62,-4,0.8787878787878788
42,21,7603.0,11.0,0,63,21,2.0
41,22,7891.0,8.0,0,63,19,1.8636363636363635
40,23,8130.7809,5.3968,1,63,17,1.7391304347826086
39,24,8347.5398,1.1533,1,63,15,1.625
38,25,8505.102,0.0591,1,63,13,1.52
37,26,8631.5499,0.0683,1,63,11,1.4230769230769231
36,27,8717.7972,0.2948,1,63,9,1.3333333333333333
35,28,8763.4955,0.0068,1,63,7,1.25
34,29,8752.1404,0.0068,1,63,5,1.1724137931034482
33,30,8686.2866,0.0248,1,63,3,1.1
32,31,8583.9267,0.0207,1,63,1,1.032258064516129
31,32,8418.7167,0.5914,1,63,-1,0.96875
30,33,8193.0,3.0,0,63,-3,0.9090909090909091
29,34,7917.0,8.0,0,63,-5,0.8529411764705882
42,22,7826.0,9.0,0,64,20,1.9090909090909092
41,23,8045.0,6.0,0,64,18,1.7826086956521738
40,24,8303.5626,4.6866,1,64,16,1.6666666666666667
39,25,8437.4175,0.0553,1,64,14,1.56
38,26,8612.3888,0.0784,1,64,12,1.4615384615384615
37,27,8675.5223,0.3126,1,64,10,1.3703703703703705
36,28,8777.4637,0.0072,1,64,8,1.2857142857142858
35,29,8739.0736,0.0067,1,64,6,1.206896551724138
34,30,8735.9057,0.0101,1,64,4,1.1333333333333333
33,31,8611.6317,0.0223,1,64,2,1.064516129032258
32,32,8528.8243,0.0582,1,64,0,1.0
31,33,8286.0,3.0,0,64,-2,0.9393939393939394
30,34,8075.0,8.0,0,64,-4,0.8823529411764706
43,22,7726.0,11.0,0,65,21,1.9545454545454546
42,23,7981.0,8.0,0,65,19,1.826086956521739
41,24,8218.0,3.0,0,65,17,1.7083333333333333
40,25,8400.6822,0.0573,1,65,15,1.6
39,26,8546.347,0.0786,1,65,13,1.5
38,27,8656.8848,0.032,1,65,11,1.4074074074074074
37,28,8736.2424,0.0074,1,65,9,1.3214285714285714
36,29,8757.0967,0.0099,1,65,7,1.2413793103448276
35,30,8724.266,0.0099,1,65,5,1.1666666666666667
34,31,8662.1601,0.0122,1,65,3,1.096774193548387
33,32,8555.0584,0.0333,1,65,1,1.03125
32,33,8396.2351,1.3041,1,65,-1,0.9696969696969697
31,34,8170.0,5.0,0,65,-3,0.9117647058823529
30,35,7904.0,8.0,0,65,-5,0.8571428571428571
43,23,7894.0,8.0,0,66,20,1.8695652173913044
42,24,8168.0,5.0,0,66,18,1.75
41,25,8331.7986,0.1694,1,66,16,1.64
40,26,8521.7245,0.0621,1,66,14,1.5384615384615385
39,27,8605.9419,0.2117,1,66,12,1.4444444444444444
38,28,8739.5086,0.0212,1,66,10,1.3571428571428572
37,29,8731.473,0.0098,1,66,8,1.2758620689655173
36,30,8759.6335,0.0113,1,66,6,1.2
35,31,8669.3631,0.0166,1,66,4,1.1290322580645162
34,32,8625.4383,0.0364,1,66,2,1.0625
33,33,8468.4034,0.0861,1,66,0,1.0
32,34,8300.0,3.0,0,66,-2,0.9411764705882353
31,35,8014.0,6.0,0,66,-4,0.8857142857142857
44,23,7829.0,9.0,0,67,21,1.9130434782608696
43,24,8079.0,6.0,0,67,19,1.7916666666666667
42,25,8281.0,3.0,0,67,17,1.68
41,26,8449.9359,0.057,1,67,15,1.5769230769230769
40,27,8581.7422,0.0962,1,67,13,1.4814814814814814
39,28,8695.7505,0.0431,1,67,11,1.3928571428571428
38,29,8737.4597,0.0133,1,67,9,1.3103448275862069
37,30,8734.1534,0.0113,1,67,7,1.2333333333333334
36,31,8707.533,0.0176,1,67,5,1.1612903225806452
35,32,8633.0884,0.0645,1,67,3,1.09375
34,33,8530.5685,0.0066,1,67,1,1.0303030303030303
33,34,8369.5344,1.001,1,67,-1,0.9705882352941176
32,35,8148.0,4.0,0,67,-3,0.9142857142857143
31,36,7883.0,6.0,0,67,-5,0.8611111111111112
44,24,8026.0,7.0,0,68,20,1.8333333333333333
43,25,8209.0,4.0,0,68,18,1.72
42,26,8418.0,3.0,0,68,16,1.6153846153846154
41,27,8520.1301,0.0567,1,68,14,1.5185185185185186
40,28,8682.4667,0.0438,1,68,12,1.4285714285714286
39,29,8701.8913,0.0233,1,68,10,1.3448275862068966
38,30,8755.682,0.0115,1,68,8,1.2666666666666666
37,31,8701.2195,0.021,1,68,6,1.1935483870967742
36,32,8688.1371,0.0276,1,68,4,1.125
35,33,8557.7457,0.0271,1,68,2,1.0606060606060606
34,34,8477.0482,0.0073,1,68,0,1.0
33,35,8239.0,4.0,0,68,-2,0.9428571428571428
32,36,8034.0,7.0,0,68,-4,0.8888888888888888
45,24,7939.0,7.0,0,69,21,1.875
44,25,8155.0,6.0,0,69,19,1.76
43,26,8345.0,3.0,0,69,17,1.6538461538461537
42,27,8495.4062,1.242,1,69,15,1.5555555555555556
41,28,8623.0998,0.054,1,69,13,1.4642857142857142
40,29,8695.2044,0.0203,1,69,11,1.3793103448275863
39,30,8722.7311,0.0115,1,69,9,1.3
38,31,8724.5798,0.0174,1,69,7,1.2258064516129032
37,32,8680.964,0.0191,1,69,5,1.15625
36,33,8611.8214,0.4638,1,69,3,1.0909090909090908
35,34,8503.7082,0.0216,1,69,1,1.0294117647058822
34,35,8344.9026,0.6087,1,69,-1,0.9714285714285714
33,36,8129.0,4.0,0,69,-3,0.9166666666666666
46,24,7884.0,9.0,0,70,22,1.9166666666666667
45,25,8084.0,7.0,0,70,20,1.8
44,26,8308.0,4.0,0,70,18,1.6923076923076923
43,27,8434.198,0.157,1,70,16,1.5925925925925926
42,28,8604.2917,0.0306,1,70,14,1.5
41,29,8646.8655,0.0155,1,70,12,1.4137931034482758
40,30,8729.8086,0.0274,1,70,10,1.3333333333333333
39,31,8709.2808,0.0172,1,70,8,1.2580645161290323
38,32,8721.7028,0.0117,1,70,6,1.1875
37,33,8621.5541,0.02,1,70,4,1.121212121212121
36,34,8576.0338,0.0226,1,70,2,1.0588235294117647
35,35,8414.7964,0.2129,1,70,0,1.0
34,36,8256.0,3.0,0,70,-2,0.9444444444444444
46,25,8030.0,7.0,0,71,21,1.84
45,26,8235.0,6.0,0,71,19,1.7307692307692308
44,27,8398.7344,6.5497,1,71,17,1.6296296296296295
43,28,8543.1564,0.0315,1,71,15,1.5357142857142858
42,29,8635.0233,0.021,1,71,13,1.4482758620689655
41,30,8689.0417,0.0374,1,71,11,1.3666666666666667
40,31,8717.605,0.0114,1,71,9,1.2903225806451613
39,32,8703.3118,0.0115,1,71,7,1.21875
38,33,8663.935,0.0586,1,71,5,1.1515151515151516
37,34,8586.0606,0.0394,1,71,3,1.088235294117647
36,35,8481.4629,0.0761,1,71,1,1.0285714285714285
35,36,8327.131,1.8136,1,71,-1,0.9722222222222222
34,37,8118.0,6.0,0,71,-3,0.918918918918919
47,25,7955.0,8.0,0,72,22,1.88
46,26,8195.0,7.0,0,72,20,1.7692307692307692
45,27,8338.0,4.0,0,72,18,1.6666666666666667
44,28,8520.2118,0.0311,1,72,16,1.5714285714285714
43,29,8586.5256,0.0194,1,72,14,1.4827586206896552
42,30,8691.8053,0.0298,1,72,12,1.4
41,31,8687.0893,0.0114,1,72,10,1.3225806451612903
40,32,8731.7459,0.0011,1,72,8,1.25
39,33,8660.3786,0.0567,1,72,6,1.1818181818181819
38,34,8644.4902,0.0272,1,72,4,1.1176470588235294
37,35,8511.3126,0.0142,1,72,2,1.0571428571428572
36,36,8429.3193,0.1113,1,72,0,1.0
35,37,8202.0,7.0,0,72,-2,0.9459459459459459
48,25,7895.0,8.0,0,73,23,1.92
47,26,8121.0,7.0,0,73,21,1.8076923076923077
46,27,8302.0,4.0,0,73,19,1.7037037037037037
45,28,8457.6529,0.0332,1,73,17,1.6071428571428572
44,29,8568.5699,0.0266,1,73,15,1.5172413793103448
43,30,8648.3455,0.0255,1,73,13,1.4333333333333333
42,31,8693.874,0.023,1,73,11,1.3548387096774193
41,32,8705.05,0.0008,1,73,9,1.28125
40,33,8689.6099,0.0528,1,73,7,1.2121212121212122
39,34,8641.5591,0.1017,1,73,5,1.1470588235294117
38,35,8568.0803,0.0923,1,73,3,1.0857142857142856
37,36,8460.1847,0.0901,1,73,1,1.0277777777777777
36,37,8305.0821,0.5588,1,73,-1,0.972972972972973
35,38,8102.0,5.0,0,73,-3,0.9210526315789473
48,26,8076.0,7.0,0,74,22,1.8461538461538463
47,27,8239.0,5.0,0,74,20,1.7407407407407407
46,28,8433.0,3.0,0,74,18,1.6428571428571428
45,29,8521.5633,0.0831,1,74,16,1.5517241379310345
44,30,8642.7547,0.034,1,74,14,1.4666666666666666
43,31,8663.1676,0.0405,1,74,12,1.3870967741935485
42,32,8725.2011,0.0003,1,74,10,1.3125
41,33,8680.002,0.0229,1,74,8,1.2424242424242424
40,34,8687.7155,0.0003,1,74,6,1.1764705882352942
39,35,8583.5615,0.0789,1,74,4,1.1142857142857143
38,36,8533.039,0.0272,1,74,2,1.0555555555555556
37,37,8381.7123,0.0409,1,74,0,1.0
36,38,8221.0,1.0,0,74,-2,0.9473684210526315
49,26,7996.0,8.0,0,75,23,1.8846153846153846
48,27,8197.0,5.0,0,75,21,1.7777777777777777
47,28,8369.0,3.0,0,75,19,1.6785714285714286
46,29,8495.0801,0.0096,1,75,17,1.5862068965517242
45,30,8592.4981,0.0261,1,75,15,1.5
44,31,8660.7565,0.0089,1,75,13,1.4193548387096775
43,32,8695.6096,0.0007,1,75,11,1.34375
42,33,8700.8748,0.0118,1,75,9,1.2727272727272727
41,34,8678.9139,0.001,1,75,7,1.2058823529411764
40,35,8627.6497,0.0571,1,75,5,1.1428571428571428
39,36,8553.4399,0.1081,1,75,3,1.0833333333333333
38,37,8448.2762,0.0157,1,75,1,1.027027027027027
37,38,8296.5116,2.9334,1,75,-1,0.9736842105263158
36,39,8089.0,4.0,0,75,-3,0.9230769230769231
50,26,7943.0,8.0,0,76,24,1.9230769230769231
49,27,8131.0,7.0,0,76,22,1.8148148148148149
48,28,8338.0,4.0,0,76,20,1.7142857142857142
47,29,8443.6018,0.012,1,76,18,1.6206896551724137
46,30,8582.2735,0.0192,1,76,16,1.5333333333333334
45,31,8624.5272,0.0257,1,76,14,1.4516129032258065
44,32,8705.2364,0.0003,1,76,12,1.375
43,33,8682.8172,0.0117,1,76,10,1.303030303030303
42,34,8711.4781,0.0003,1,76,8,1.2352941176470589
41,35,8635.883,0.1227,1,76,6,1.1714285714285715
40,36,8608.8077,0.0528,1,76,4,1.1111111111111112
39,37,8486.2161,0.0123,1,76,2,1.054054054054054
38,38,8393.9294,0.4535,1,76,0,1.0
37,39,8173.0,4.0,0,76,-2,0.9487179487179487
50,27,8082.0,8.0,0,77,23,1.8518518518518519
49,28,8272.0,5.0,0,77,21,1.75
48,29,8411.2501,0.0157,1,77,19,1.6551724137931034
47,30,8530.0037,0.0256,1,77,17,1.5666666666666667
46,31,8613.3907,0.0315,1,77,15,1.4838709677419355
45,32,8671.0293,0.0007,1,77,13,1.40625
44,33,8695.9789,0.022,1,77,11,1.3333333333333333
43,34,8694.6908,0.0008,1,77,9,1.2647058823529411
42,35,8666.8073,0.0365,1,77,7,1.2
41,36,8616.837,0.0254,1,77,5,1.1388888888888888
40,37,8537.3396,0.0169,1,77,3,1.0810810810810811
39,38,8435.9188,0.1028,1,77,1,1.0263157894736843
38,39,8278.0,3.0,0,77,-1,0.9743589743589743
37,40,8075.0,5.0,0,77,-3,0.925
51,27,7997.0,9.0,0,78,24,1.8888888888888888
50,28,8238.0,5.0,0,78,22,1.7857142857142858
49,29,8354.6695,0.1709,1,78,20,1.6896551724137931
48,30,8507.38,0.0249,1,78,18,1.6
47,31,8577.1043,0.0135,1,78,16,1.5161290322580645
46,32,8671.6636,0.0453,1,78,14,1.4375
45,33,8673.876,0.1254,1,78,12,1.3636363636363635
44,34,8717.8072,0.0023,1,78,10,1.2941176470588236
43,35,8661.9594,0.0459,1,78,8,1.2285714285714286
42,36,8661.2385,0.0039,1,78,6,1.1666666666666667
41,37,8558.3512,0.0415,1,78,4,1.1081081081081081
40,38,8500.0971,0.0955,1,78,2,1.0526315789473684
39,39,8349.0,4.0,0,78,0,1.0
38,40,8194.0,5.0,0,78,-2,0.95
51,28,8150.0,6.0,0,79,23,1.8214285714285714
50,29,8320.938,1.3289,1,79,21,1.7241379310344827
49,30,8450.5825,0.0282,1,79,19,1.6333333333333333
48,31,8556.0725,0.0153,1,79,17,1.5483870967741935
47,32,8634.5089,0.4704,1,79,15,1.46875
46,33,8676.6172,0.0674,1,79,13,1.393939393939394
45,34,8695.5923,0.0028,1,79,11,1.3235294117647058
44,35,8687.5956,0.0127,1,79,9,1.2571428571428571
43,36,8657.113,0.0441,1,79,7,1.1944444444444444
42,37,8601.1401,0.0246,1,79,5,1.135135135135135
41,38,8523.8558,0.0939,1,79,3,1.0789473684210527
40,39,8416.7788,1.014,1,79,1,1.0256410256410255
39,40,8267.0,4.0,0,79,-1,0.975
38,41,8066.0,6.0,0,79,-3,0.926829268292683
52,28,8088.0,7.0,0,80,24,1.8571428571428572
51,29,8246.0,4.0,0,80,22,1.7586206896551724
50,30,8423.5457,0.0323,1,80,20,1.6666666666666667
49,31,8508.4545,0.0361,1,80,18,1.5806451612903225
48,32,8627.5707,0.0257,1,80,16,1.5
47,33,8651.2824,0.0417,1,80,14,1.4242424242424243
46,34,8710.8142,0.0118,1,80,12,1.3529411764705883
45,35,8677.6541,0.0124,1,80,10,1.2857142857142858
44,36,8692.9301,0.0087,1,80,8,1.2222222222222223
43,37,8611.676,0.0233,1,80,6,1.162162162162162
42,38,8578.5966,0.0433,1,80,4,1.105263157894737
41,39,8454.2759,0.078,1,80,2,1.0512820512820513
40,40,8365.0,4.0,0,80,0,1.0
39,41,8151.0,5.0,0,80,-2,0.9512195121951219
53,28,8000.0,9.0,0,81,25,1.8928571428571428
52,29,8185.0,4.0,0,81,23,1.793103448275862
51,30,8351.9262,0.0621,1,81,21,1.7
50,31,8483.3576,0.0403,1,81,19,1.6129032258064515
49,32,8580.6587,0.0254,1,81,17,1.53125
48,33,8648.0571,0.0326,1,81,15,1.4545454545454546
47,34,8685.9998,0.0121,1,81,13,1.3823529411764706
46,35,8695.9465,0.0121,1,81,11,1.3142857142857143
45,36,8682.8206,0.0133,1,81,9,1.25
44,37,8645.5139,0.0605,1,81,7,1.1891891891891893
43,38,8587.3545,0.0386,1,81,5,1.131578947368421
42,39,8505.9031,0.0667,1,81,3,1.0769230769230769
41,40,8395.1519,1.1385,1,81,1,1.025
40,41,8248.0,5.0,0,81,-1,0.975609756097561
39,42,8054.0,6.0,0,81,-3,0.9285714285714286
54,28,7935.0,10.0,0,82,26,1.9285714285714286
53,29,8108.0,5.0,0,82,24,1.8275862068965518
52,30,8301.1175,0.0375,1,82,22,1.7333333333333334
51,31,8421.0494,0.0296,1,82,20,1.6451612903225807
50,32,8563.7567,0.0273,1,82,18,1.5625
49,33,8611.4153,0.0455,1,82,16,1.4848484848484849
48,34,8693.1973,0.0057,1,82,14,1.411764705882353
47,35,8682.4953,0.0118,1,82,12,1.3428571428571427
46,36,8710.6754,0.0003,1,82,10,1.2777777777777777
45,37,8647.4275,0.0367,1,82,8,1.2162162162162162
44,38,8635.719,0.0731,1,82,6,1.1578947368421053
43,39,8529.2762,0.0671,1,82,4,1.1025641025641026
42,40,8465.4666,0.0193,1,82,2,1.05
41,41,8312.0,4.0,0,82,0,1.0
40,42,8163.0,5.0,0,82,-2,0.9523809523809523
54,29,8044.0,6.0,0,83,25,1.8620689655172413
53,30,8226.0,4.0,0,83,23,1.7666666666666666
52,31,8372.5756,0.0315,1,83,21,1.6774193548387097
51,32,8504.3462,0.0292,1,83,19,1.59375
50,33,8599.654,0.0337,1,83,17,1.5151515151515151
49,34,8658.556,0.0366,1,83,15,1.4411764705882353
48,35,8693.3852,0.0457,1,83,13,1.3714285714285714
47,36,8695.7295,0.0003,1,83,11,1.3055555555555556
46,37,8675.2193,0.0281,1,83,9,1.2432432432432432
45,38,8638.4076,0.0823,1,83,7,1.1842105263157894
44,39,8573.6571,0.2245,1,83,5,1.1282051282051282
43,40,8488.3997,0.0775,1,83,3,1.075
42,41,8378.9889,1.9528,1,83,1,1.024390243902439
41,42,8234.0,5.0,0,83,-1,0.9761904761904762
40,43,8043.0,6.0,0,83,-3,0.9302325581395349
55,29,7965.0,6.0,0,84,26,1.896551724137931
54,30,8171.0,5.0,0,84,24,1.8
53,31,8307.525,0.3549,1,84,22,1.7096774193548387
52,32,8465.5244,0.0377,1,84,20,1.625
51,33,8547.9385,0.0377,1,84,18,1.5454545454545454
50,34,8658.7935,0.0233,1,84,16,1.4705882352941178
49,35,8671.3294,0.3063,1,84,14,1.4
48,36,8717.4473,0.0003,1,84,12,1.3333333333333333
47,37,8676.2244,0.0261,1,84,10,1.2702702702702702
46,38,8677.5132,0.0148,1,84,8,1.2105263157894737
45,39,8587.7812,0.0512,1,84,6,1.1538461538461537
44,40,8549.0301,0.0655,1,84,4,1.1
43,41,8417.9563,0.0048,1,84,2,1.048780487804878
42,42,8325.0,4.0,0,84,0,1.0
41,43,8120.0,5.0,0,84,-2,0.9534883720930233
55,30,8090.0,6.0,0,85,25,1.8333333333333333
54,31,8253.5687,0.4384,1,85,23,1.7419354838709677
53,32,8401.7689,0.0439,1,85,21,1.65625
52,33,8510.9851,0.0362,1,85,19,1.5757575757575757
51,34,8610.3045,0.0307,1,85,17,1.5
50,35,8673.5926,0.0362,1,85,15,1.4285714285714286
49,36,8698.5633,0.0235,1,85,13,1.3611111111111112
48,37,8697.4416,0.0003,1,85,11,1.2972972972972974
47,38,8675.7193,0.0331,1,85,9,1.236842105263158
46,39,8628.1486,0.2231,1,85,7,1.1794871794871795
45,40,8564.0394,0.0756,1,85,5,1.125
44,41,8473.7117,0.0482,1,85,3,1.0731707317073171
43,42,8361.332,0.1863,1,85,1,1.0238095238095237
42,43,8215.0,5.0,0,85,-1,0.9767441860465116
41,44,8027.0,6.0,0,85,-3,0.9318181818181818
56,30,8032.0,6.0,0,86,26,1.8666666666666667
55,31,8182.0,5.0,0,86,24,1.7741935483870968
54,32,8354.63,5.0907,1,86,22,1.6875
53,33,8456.7215,0.0401,1,86,20,1.606060606060606
52,34,8581.8224,0.0293,1,86,18,1.5294117647058822
51,35,8632.3659,0.0358,1,86,16,1.457142857142857
50,36,8712.0295,0.0003,1,86,14,1.3888888888888888
49,37,8696.9014,0.0023,1,86,12,1.3243243243243243
48,38,8708.4566,0.0003,1,86,10,1.263157894736842
47,39,8638.4293,0.1644,1,86,8,1.205128205128205
46,40,8614.0523,0.0415,1,86,6,1.15
45,41,8502.2231,0.0639,1,86,4,1.0975609756097562
44,42,8434.7175,0.0341,1,86,2,1.0476190476190477
43,43,8280.0,3.0,0,86,0,1.0
42,44,8133.0,5.0,0,86,-2,0.9545454545454546
56,31,8124.0,6.0,0,87,25,1.8064516129032258
55,32,8285.0,3.0,0,87,23,1.71875
54,33,8413.8521,0.0343,1,87,21,1.6363636363636365
53,34,8529.092,0.0258,1,87,19,1.5588235294117647
52,35,8605.9105,0.0364,1,87,17,1.4857142857142858
51,36,8675.284,0.0028,1,87,15,1.4166666666666667
50,37,8710.9843,0.0003,1,87,13,1.3513513513513513
49,38,8705.2363,0.0003,1,87,11,1.2894736842105263
48,39,8674.8451,0.013,1,87,9,1.2307692307692308
47,40,8623.6545,0.0477,1,87,7,1.175
46,41,8551.7579,0.0782,1,87,5,1.1219512195121952
45,42,8462.4243,0.0328,1,87,3,1.0714285714285714
44,43,8347.7449,0.0482,1,87,1,1.0232558139534884
43,44,8201.0,5.0,0,87,-1,0.9772727272727273
57,31,8050.0,6.0,0,88,26,1.8387096774193548
56,32,8236.0,5.0,0,88,24,1.75
55,33,8351.0,2.0,0,88,22,1.6666666666666667
54,34,8495.0045,0.0382,1,88,20,1.588235294117647
53,35,8563.7479,0.036,1,88,18,1.5142857142857142
52,36,8656.8499,0.0296,1,88,16,1.4444444444444444
51,37,8681.1154,0.0018,1,88,14,1.3783783783783783
50,38,8732.5958,0.0003,1,88,12,1.3157894736842106
49,39,8682.5396,0.017,1,88,10,1.2564102564102564
48,40,8666.0339,0.0614,1,88,8,1.2
47,41,8572.4013,0.6569,1,88,6,1.146341463414634
46,42,8523.9087,0.0434,1,88,4,1.0952380952380953
45,43,8389.8338,0.0466,1,88,2,1.0465116279069768
44,44,8298.0,3.0,0,88,0,1.0
43,45,8090.0,5.0,0,88,-2,0.9555555555555556
57,32,8161.0,4.0,0,89,25,1.78125
56,33,8304.0,3.0,0,89,23,1.696969696969697
55,34,8435.2799,0.0419,1,89,21,1.6176470588235294
54,35,8530.7802,0.0367,1,89,19,1.542857142857143
53,36,8614.8158,0.0241,1,89,17,1.4722222222222223
52,37,8664.1895,0.061,1,89,15,1.4054054054054055
51,38,8705.923,0.0011,1,89,13,1.3421052631578947
50,39,8714.011,0.0038,1,89,11,1.2820512820512822
49,40,8673.3865,0.0312,1,89,9,1.225
48,41,8616.8184,0.2655,1,89,7,1.170731707317073
47,42,8544.9851,0.044,1,89,5,1.119047619047619
46,43,8450.5758,0.0429,1,89,3,1.069767441860465
45,44,8340.376,0.2721,1,89,1,1.0227272727272727
44,45,8189.0,4.0,0,89,-1,0.9777777777777777
58,32,8109.0,6.0,0,90,26,1.8125
57,33,8240.0,4.0,0,90,24,1.7272727272727273
56,34,8395.7672,3.6639,1,90,22,1.6470588235294117
55,35,8478.1865,0.0373,1,90,20,1.5714285714285714
54,36,8591.2599,0.0207,1,90,18,1.5
53,37,8631.5262,0.0717,1,90,16,1.4324324324324325
52,38,8696.0043,0.0161,1,90,14,1.368421052631579
51,39,8693.3778,0.0039,1,90,12,1.3076923076923077
50,40,8709.9699,0.0013,1,90,10,1.25
49,41,8633.377,0.0369,1,90,8,1.1951219512195121
48,42,8597.0285,0.0385,1,90,6,1.1428571428571428
47,43,8483.36,0.0114,1,90,4,1.0930232558139534
46,44,8409.7684,0.0414,1,90,2,1.0454545454545454
45,45,8254.0,2.0,0,90,0,1.0
44,46,8113.0,4.0,0,90,-2,0.9565217391304348
58,33,8189.0,4.0,0,91,25,1.7575757575757576
57,34,8334.8382,4.7598,1,91,23,1.6764705882352942
56,35,8441.9242,0.0389,1,91,21,1.6
55,36,8541.7519,0.0246,1,91,19,1.5277777777777777
54,37,8607.5621,0.0857,1,91,17,1.4594594594594594
53,38,8663.8759,0.0599,1,91,15,1.394736842105263
52,39,8684.9421,0.0203,1,91,13,1.3333333333333333
51,40,8693.3149,0.0011,1,91,11,1.275
50,41,8670.8983,0.0322,1,91,9,1.2195121951219512
49,42,8613.6286,0.0686,1,91,7,1.1666666666666667
48,43,8536.6558,0.026,1,91,5,1.1162790697674418
47,44,8442.9287,0.0244,1,91,3,1.0681818181818181
46,45,8328.0,3.0,0,91,1,1.0222222222222221
45,46,8183.0,5.0,0,91,-1,0.9782608695652174
59,33,8121.0,5.0,0,92,26,1.7878787878787878
58,34,8290.0,4.0,0,92,24,1.7058823529411764
57,35,8384.9123,0.0729,1,92,22,1.6285714285714286
56,36,8512.675,0.0294,1,92,20,1.5555555555555556
55,37,8569.4225,0.0666,1,92,18,1.4864864864864864
54,38,8648.907,0.0372,1,92,16,1.4210526315789473
53,39,8661.5894,0.0992,1,92,14,1.358974358974359
52,40,8692.6783,0.0011,1,92,12,1.3
51,41,8662.3731,0.0194,1,92,10,1.2439024390243902
50,42,8657.7312,0.0017,1,92,8,1.1904761904761905
49,43,8563.544,0.0337,1,92,6,1.1395348837209303
48,44,8504.774,0.0295,1,92,4,1.0909090909090908
47,45,8373.4211,0.0476,1,92,2,1.0444444444444445
46,46,8275.5695,3.7503,1,92,0,1.0
45,47,8080.0,4.0,0,92,-2,0.9574468085106383
59,34,8225.0,4.0,0,93,25,1.7352941176470589
58,35,8345.5986,4.6324,1,93,23,1.6571428571428573
57,36,8458.1085,0.027,1,93,21,1.5833333333333333
56,37,8540.9209,0.0842,1,93,19,1.5135135135135136
55,38,8612.7875,0.0812,1,93,17,1.4473684210526316
54,39,8648.9054,0.1128,1,93,15,1.3846153846153846
53,40,8671.6207,0.0049,1,93,13,1.325
52,41,8664.1849,0.016,1,93,11,1.2682926829268293
51,42,8651.4095,0.002,1,93,9,1.2142857142857142
50,43,8608.5782,0.0109,1,93,7,1.1627906976744187
49,44,8531.4627,0.0222,1,93,5,1.1136363636363635
48,45,8434.8255,0.0283,1,93,3,1.0666666666666667
47,46,8318.5637,3.9786,1,93,1,1.0217391304347827
46,47,8175.0,4.0,0,93,-1,0.9787234042553191
60,34,8180.0,5.0,0,94,26,1.7647058823529411
59,35,8287.0,2.0,0,94,24,1.6857142857142857
58,36,8424.3318,0.1288,1,94,22,1.6111111111111112
57,37,8492.7644,0.0216,1,94,20,1.5405405405405406
56,38,8593.8344,0.0177,1,94,18,1.4736842105263157
55,39,8622.8068,0.0679,1,94,16,1.4102564102564104
54,40,8666.8016,0.0018,1,94,14,1.35
53,41,8648.9014,0.0159,1,94,12,1.2926829268292683
52,42,8662.3341,0.0015,1,94,10,1.2380952380952381
51,43,8608.7373,0.0433,1,94,8,1.186046511627907
50,44,8583.662,0.0334,1,94,6,1.1363636363636365
49,45,8472.4033,0.0359,1,94,4,1.0888888888888888
48,46,8391.6832,0.0456,1,94,2,1.0434782608695652
47,47,8238.0,4.0,0,94,0,1.0
46,48,8102.0,5.0,0,94,-2,0.9583333333333334
61,34,8112.0,5.0,0,95,27,1.7941176470588236
60,35,8245.0,3.0,0,95,25,1.7142857142857142
59,36,8365.9963,0.1961,1,95,23,1.6388888888888888
58,37,8460.1967,0.2131,1,95,21,1.5675675675675675
57,38,8549.0875,0.0612,1,95,19,1.5
56,39,8604.9644,0.0714,1,95,17,1.435897435897436
55,40,8643.5924,0.0092,1,95,15,1.375
54,41,8647.2133,0.0054,1,95,13,1.3170731707317074
53,42,8648.7212,0.0013,1,95,11,1.2619047619047619
52,43,8622.6911,0.0535,1,95,9,1.2093023255813953
51,44,8587.4706,0.1,1,95,7,1.1590909090909092
50,45,8525.3707,0.0409,1,95,5,1.1111111111111112
49,46,8428.9807,0.0319,1,95,3,1.065217391304348
48,47,8315.0,4.0,0,95,1,1.0212765957446808
47,48,8171.0,6.0,0,95,-1,0.9791666666666666
61,35,8184.0,3.0,0,96,26,1.7428571428571429
60,36,8330.8721,0.2008,1,96,24,1.6666666666666667
59,37,8408.8963,0.0349,1,96,22,1.5945945945945945
58,38,8521.2041,0.0882,1,96,20,1.5263157894736843
57,39,8569.4269,0.0633,1,96,18,1.4615384615384615
56,40,8635.3283,0.0012,1,96,16,1.4
55,41,8628.8868,0.0015,1,96,14,1.3414634146341464
54,42,8653.988,0.0013,1,96,12,1.2857142857142858
53,43,8614.8673,0.0536,1,96,10,1.2325581395348837
52,44,8609.413,0.0018,1,96,8,1.1818181818181819
51,45,8534.6735,0.1042,1,96,6,1.1333333333333333
50,46,8490.0207,0.0437,1,96,4,1.0869565217391304
49,47,8360.2903,0.9384,1,96,2,1.0425531914893618
48,48,8259.0,4.0,0,96,0,1.0
47,49,8069.0,5.0,0,96,-2,0.9591836734693877
62,35,8140.0,4.0,0,97,27,1.7714285714285714
61,36,8269.8645,1.3444,1,97,25,1.6944444444444444
60,37,8376.1872,0.0197,1,97,23,1.6216216216216217
59,38,8471.8489,0.0349,1,97,21,1.5526315789473684
58,39,8541.4616,0.0692,1,97,19,1.4871794871794872
57,40,8603.7182,0.0013,1,97,17,1.425
56,41,8623.1384,0.0438,1,97,15,1.3658536585365855
55,42,8635.0926,0.0017,1,97,13,1.3095238095238095
54,43,8623.7254,0.0425,1,97,11,1.255813953488372
53,44,8604.2799,0.0285,1,97,9,1.2045454545454546
52,45,8559.8949,0.3656,1,97,7,1.1555555555555554
51,46,8502.4303,0.0499,1,97,5,1.108695652173913
50,47,8423.2121,0.1239,1,97,3,1.0638297872340425
49,48,8310.3013,4.3317,1,97,1,1.0208333333333333
48,49,8165.0,4.0,0,97,-1,0.9795918367346939
63,35,8078.0,4.0,0,98,28,1.8
62,36,8234.0,3.0,0,98,26,1.7222222222222223
61,37,8330.7294,0.1641,1,98,24,1.6486486486486487
60,38,8445.7385,0.0329,1,98,22,1.5789473684210527
59,39,8497.6162,0.0808,1,98,20,1.5128205128205128
58,40,8581.3984,0.0862,1,98,18,1.45
57,41,8596.3016,0.051,1,98,16,1.3902439024390243
56,42,8635.1691,0.0018,1,98,14,1.3333333333333333
55,43,8610.0047,0.0345,1,98,12,1.2790697674418605
54,44,8620.314,0.0659,1,98,10,1.2272727272727273
53,45,8560.8038,0.1215,1,98,8,1.1777777777777778
52,46,8533.8999,0.0484,1,98,6,1.1304347826086956
51,47,8441.6866,0.3358,1,98,4,1.0851063829787233
50,48,8378.2953,0.5285,1,98,2,1.0416666666666667
49,49,8230.0,3.0,0,98,0,1.0
63,36,8175.0,4.0,0,99,27,1.75
62,37,8295.301,0.0407,1,99,25,1.6756756756756757
61,38,8402.5235,0.0479,1,99,23,1.605263157894737
60,39,8476.6938,0.0668,1,99,21,1.5384615384615385
59,40,8539.225,0.1061,1,99,19,1.475
58,41,8578.9859,0.1213,1,99,17,1.4146341463414633
57,42,8607.7982,0.0023,1,99,15,1.3571428571428572
56,43,8613.6105,0.0092,1,99,13,1.302325581395349
55,44,8608.7132,0.0035,1,99,11,1.25
54,45,8580.1959,0.1965,1,99,9,1.2
53,46,8537.9332,0.0516,1,99,7,1.1521739130434783
52,47,8474.7744,0.0633,1,99,5,1.1063829787234043
51,48,8398.3734,0.016,1,99,3,1.0625
50,49,8304.0,3.0,0,99,1,1.0204081632653061
49,50,8161.0,6.0,0,99,-1,0.98
64,36,8134.0,4.0,0,100,28,1.7777777777777777
63,37,8244.5085,0.1312,1,100,26,1.7027027027027026
62,38,8372.2012,0.0692,1,100,24,1.631578947368421
61,39,8439.4151,0.1118,1,100,22,1.564102564102564
60,40,8522.1066,0.0814,1,100,20,1.5
59,41,8548.4683,0.0798,1,100,18,1.4390243902439024
58,42,8604.6626,0.003,1,100,16,1.380952380952381
57,43,8595.1184,0.0135,1,100,14,1.3255813953488371
56,44,8619.3593,0.0034,1,100,12,1.2727272727272727
55,45,8575.1732,0.1813,1,100,10,1.2222222222222223
54,46,8563.5652,0.1764,1,100,8,1.173913043478261
53,47,8484.9947,0.05,1,100,6,1.127659574468085
52,48,8437.7375,0.0168,1,100,4,1.0833333333333333
51,49,8329.7495,0.0224,1,100,2,1.0408163265306123
50,50,8251.626,2.4001,1,100,0,1.0
65,36,8075.0,5.0,0,101,29,1.8055555555555556
64,37,8206.1753,0.2029,1,101,27,1.7297297297297298
63,38,8324.7411,0.084,1,101,25,1.6578947368421053
62,39,8413.3305,0.0701,1,101,23,1.5897435897435896
61,40,8485.8439,0.0825,1,101,21,1.525
60,41,8534.8355,0.0371,1,101,19,1.4634146341463414
59,42,8572.9159,0.0031,1,101,17,1.4047619047619047
58,43,8593.1366,0.2377,1,101,15,1.3488372093023255
57,44,8601.366,0.0041,1,101,13,1.2954545454545454
56,45,8588.2172,0.0578,1,101,11,1.2444444444444445
55,46,8560.8644,0.0454,1,101,9,1.1956521739130435
54,47,8512.5465,0.0479,1,101,7,1.148936170212766
53,48,8450.3657,0.0148,1,101,5,1.1041666666666667
52,49,8370.426,0.1155,1,101,3,1.0612244897959184
51,50,8281.103,2.9703,1,101,1,1.02
65,37,8152.7443,0.8128,1,102,28,1.7567567567567568
64,38,8291.2213,0.6575,1,102,26,1.6842105263157894
63,39,8371.9172,0.04,1,102,24,1.6153846153846154
62,40,8466.294,0.0859,1,102,22,1.55
61,41,8504.8675,0.0246,1,102,20,1.4878048780487805
60,42,8568.3994,0.0814,1,102,18,1.4285714285714286
59,43,8570.6514,0.0899,1,102,16,1.372093023255814
58,44,8607.4275,0.0041,1,102,14,1.3181818181818181
57,45,8576.9818,0.0628,1,102,12,1.2666666666666666
56,46,8580.2887,0.0041,1,102,10,1.2173913043478262
55,47,8517.165,0.0801,1,102,8,1.1702127659574468
54,48,8484.1322,0.0163,1,102,6,1.125
53,49,8388.5719,0.0448,1,102,4,1.0816326530612246
52,50,8324.4313,0.9814,1,102,2,1.04
51,51,8181.0,4.0,0,102,0,1.0
66,37,8112.0,4.0,0,103,29,1.7837837837837838
65,38,8242.0,2.0,0,103,27,1.7105263157894737
64,39,8342.6336,0.1088,1,103,25,1.641025641025641
63,40,8425.8337,0.0895,1,103,23,1.575
62,41,8488.332,0.0382,1,103,21,1.5121951219512195
61,42,8538.2672,0.0895,1,103,19,1.4523809523809523
60,43,8566.1045,0.0952,1,103,17,1.3953488372093024
59,44,8584.3656,0.0043,1,103,15,1.3409090909090908
58,45,8584.1927,0.0223,1,103,13,1.288888888888889
57,46,8571.0173,0.0085,1,103,11,1.2391304347826086
56,47,8537.652,0.0398,1,103,9,1.1914893617021276
55,48,8489.7547,0.0176,1,103,7,1.1458333333333333
54,49,8423.7199,0.0872,1,103,5,1.1020408163265305
53,50,8343.0,1.0,0,103,3,1.06
52,51,8234.0,3.0,0,103,1,1.0196078431372548
67,37,8057.0,5.0,0,104,30,1.8108108108108107
66,38,8206.0,3.0,0,104,28,1.736842105263158
65,39,8298.0,2.0,0,104,26,1.6666666666666667
64,40,8402.3159,0.0896,1,104,24,1.6
63,41,8453.3832,0.0172,1,104,22,1.5365853658536586
62,42,8527.9063,0.0857,1,104,20,1.4761904761904763
61,43,8541.107,0.2393,1,104,18,1.4186046511627908
60,44,8587.3998,0.024,1,104,16,1.3636363636363635
59,45,8568.9501,0.0221,1,104,14,1.3111111111111111
58,46,8584.8485,0.0129,1,104,12,1.2608695652173914
57,47,8536.185,0.0406,1,104,10,1.2127659574468086
56,48,8517.6232,0.0161,1,104,8,1.1666666666666667
55,49,8435.238,0.0555,1,104,6,1.1224489795918366
54,50,8383.9114,0.0552,1,104,4,1.08
53,51,8258.0,1.0,0,104,2,1.0392156862745099
52,52,8157.3256,3.0539,1,104,0,1.0
67,38,8152.0,5.0,0,105,29,1.763157894736842
66,39,8262.0,4.0,0,105,27,1.6923076923076923
65,40,8358.598,0.1153,1,105,25,1.625
64,41,8431.6925,0.0384,1,105,23,1.5609756097560976
63,42,8494.863,0.0862,1,105,21,1.5
62,43,8534.6074,0.3358,1,105,19,1.441860465116279
61,44,8561.9016,0.0238,1,105,17,1.3863636363636365
60,45,8572.7053,0.0238,1,105,15,1.3333333333333333
59,46,8570.6509,0.0108,1,105,13,1.2826086956521738
58,47,8550.3708,0.0433,1,105,11,1.2340425531914894
57,48,8516.8532,0.0133,1,105,9,1.1875
56,49,8464.7045,0.0976,1,105,7,1.1428571428571428
55,50,8397.229,0.0378,1,105,5,1.1
54,51,8300.9923,0.2079,1,105,3,1.0588235294117647
53,52,8186.8368,2.8573,1,105,1,1.0192307692307692
68,38,8114.0,6.0,0,106,30,1.7894736842105263
67,39,8215.0,5.0,0,106,28,1.7179487179487178
66,40,8330.0,2.0,0,106,26,1.65
65,41,8393.2657,0.0134,1,106,24,1.5853658536585367
64,42,8479.5202,0.0861,1,106,22,1.5238095238095237
63,43,8506.557,0.1156,1,106,20,1.4651162790697674
62,44,8560.9406,0.0509,1,106,18,1.4090909090909092
61,45,8553.9317,0.0508,1,106,16,1.3555555555555556
60,46,8579.9934,0.0104,1,106,14,1.3043478260869565
59,47,8544.6397,0.0285,1,106,12,1.2553191489361701
58,48,8539.0492,0.0104,1,106,10,1.2083333333333333
57,49,8470.1213,0.1153,1,106,8,1.163265306122449
56,50,8432.0383,0.048,1,106,6,1.12
55,51,8322.0124,0.0703,1,106,4,1.0784313725490196
54,52,8236.7682,0.9485,1,106,2,1.0384615384615385
53,53,8089.0,4.0,0,106,0,1.0
69,38,8057.0,7.0,0,107,31,1.8157894736842106
68,39,8178.0,5.0,0,107,29,1.7435897435897436
67,40,8284.0,3.0,0,107,27,1.675
66,41,8367.0898,0.075,1,107,25,1.6097560975609757
65,42,8442.219,0.0862,1,107,23,1.5476190476190477
64,43,8492.8979,0.0811,1,107,21,1.4883720930232558
63,44,8533.3676,0.0811,1,107,19,1.4318181818181819
62,45,8554.104,0.1126,1,107,17,1.3777777777777778
61,46,8560.8946,0.0112,1,107,15,1.326086956521739
60,47,8553.9012,0.0223,1,107,13,1.2765957446808511
59,48,8533.3524,0.0155,1,107,11,1.2291666666666667
58,49,8494.0439,0.0902,1,107,9,1.183673469387755
57,50,8439.4946,0.0496,1,107,7,1.14
56,51,8358.7344,0.0388,1,107,5,1.0980392156862746
55,52,8258.0,1.0,0,107,3,1.0576923076923077
54,53,8146.0,3.0,0,107,1,1.0188679245283019
69,39,8129.0,6.0,0,108,30,1.7692307692307692
68,40,8253.0,4.0,0,108,28,1.7
67,41,8325.6604,0.0763,1,108,26,1.6341463414634145
66,42,8422.1581,0.0854,1,108,24,1.5714285714285714
65,43,8462.8172,0.0812,1,108,22,1.5116279069767442
64,44,8527.2267,0.0804,1,108,20,1.4545454545454546
63,45,8532.6657,0.1296,1,108,18,1.4
62,46,8567.0241,0.0103,1,108,16,1.3478260869565217
61,47,8542.0262,0.0221,1,108,14,1.297872340425532
60,48,8550.0196,0.0104,1,108,12,1.25
59,49,8495.2516,0.08,1,108,10,1.2040816326530612
58,50,8469.0273,0.0498,1,108,8,1.16
57,51,8372.6666,0.0509,1,108,6,1.1176470588235294
56,52,8303.7221,0.0501,1,108,4,1.0769230769230769
55,53,8176.0,1.0,0,108,2,1.0377358490566038
54,54,8074.8886,3.5139,1,108,0,1.0
70,39,8089.0,6.0,0,109,31,1.794871794871795
69,40,8204.0,5.0,0,109,29,1.725
68,41,8297.1307,3.9524,1,109,27,1.6585365853658536
67,42,8381.4163,0.1026,1,109,25,1.5952380952380953
66,43,8444.1796,0.0887,1,109,23,1.5348837209302326
65,44,8496.228,0.0821,1,109,21,1.4772727272727273
64,45,8528.1404,0.0371,1,109,19,1.4222222222222223
63,46,8544.8825,0.0102,1,109,17,1.3695652173913044
62,47,8547.9155,0.0118,1,109,15,1.3191489361702127
61,48,8538.7646,0.0141,1,109,13,1.2708333333333333
60,49,8513.1027,0.0364,1,109,11,1.2244897959183674
59,50,8470.5183,0.0729,1,109,9,1.18
58,51,8404.8161,0.0483,1,109,7,1.1372549019607843
57,52,8319.3305,0.0402,1,109,5,1.0961538461538463
56,53,8220.0164,0.0617,1,109,3,1.0566037735849056
55,54,8107.3071,2.7533,1,109,1,1.0185185185185186
70,40,8171.0,5.0,0,110,30,1.75
69,41,8255.2607,7.6213,1,110,28,1.6829268292682926
68,42,8359.293,0.2202,1,110,26,1.619047619047619
67,43,8411.2603,0.0863,1,110,24,1.558139534883721
66,44,8486.3123,0.0811,1,110,22,1.5
65,45,8504.2551,0.1619,1,110,20,1.4444444444444444
64,46,8547.163,0.0056,1,110,18,1.391304347826087
63,47,8532.1089,0.0117,1,110,16,1.3404255319148937
62,48,8551.2755,0.0035,1,110,14,1.2916666666666667
61,49,8508.9087,0.105,1,110,12,1.2448979591836735
60,50,8496.0875,0.1252,1,110,10,1.2
59,51,8412.6821,0.0542,1,110,8,1.1568627450980393
58,52,8358.116,0.0598,1,110,6,1.1153846153846154
57,53,8244.0767,0.5631,1,110,4,1.0754716981132075
56,54,8159.2808,0.9181,1,110,2,1.037037037037037
71,40,8118.0,5.0,0,111,31,1.775
70,41,8223.0,3.0,0,111,29,1.7073170731707317
69,42,8315.2932,0.1133,1,111,27,1.6428571428571428
68,43,8390.0906,0.0953,1,111,25,1.5813953488372092
67,44,8452.9582,0.0872,1,111,23,1.5227272727272727
66,45,8495.6267,0.0617,1,111,21,1.4666666666666666
65,46,8521.7498,0.0066,1,111,19,1.4130434782608696
64,47,8534.7878,0.0131,1,111,17,1.3617021276595744
63,48,8537.0801,0.0032,1,111,15,1.3125
62,49,8522.2824,0.0308,1,111,13,1.2653061224489797
61,50,8493.131,0.0481,1,111,11,1.22
60,51,8440.1203,0.0797,1,111,9,1.1764705882352942
59,52,8367.7635,0.0579,1,111,7,1.1346153846153846
58,53,8282.9343,0.0428,1,111,5,1.0943396226415094
57,54,8182.0,1.0,0,111,3,1.0555555555555556
56,55,8070.0,2.0,0,111,1,1.018181818181818
72,40,8081.0,6.0,0,112,32,1.8
71,41,8178.0,3.0,0,112,30,1.7317073170731707
70,42,8291.0,2.0,0,112,28,1.6666666666666667
69,43,8353.6217,0.0492,1,112,26,1.6046511627906976
68,44,8439.2431,0.0857,1,112,24,1.5454545454545454
67,45,8468.8666,0.3936,1,112,22,1.488888888888889
66,46,8520.7205,0.0584,1,112,20,1.434782608695652
65,47,8516.0807,0.0216,1,112,18,1.3829787234042554
64,48,8544.7306,0.0022,1,112,16,1.3333333333333333
63,49,8514.6674,0.038,1,112,14,1.2857142857142858
62,50,8513.6189,0.0026,1,112,12,1.24
61,51,8443.633,0.1592,1,112,10,1.196078431372549
60,52,8400.6527,0.0749,1,112,8,1.1538461538461537
59,53,8299.8801,0.0915,1,112,6,1.1132075471698113
58,54,8230.0646,0.074,1,112,4,1.0740740740740742
57,55,8102.0,1.0,0,112,2,1.0363636363636364
73,40,8027.0,3.0,0,113,33,1.825
72,41,8143.0,4.0,0,113,31,1.7560975609756098
71,42,8246.0,3.0,0,113,29,1.6904761904761905
70,43,8329.4652,0.0297,1,113,27,1.627906976744186
69,44,8402.6857,0.3388,1,113,25,1.5681818181818181
68,45,8456.8165,0.0631,1,113,23,1.511111111111111
67,46,8492.5795,0.0615,1,113,21,1.4565217391304348
66,47,8516.066,0.1473,1,113,19,1.4042553191489362
65,48,8526.9874,0.0022,1,113,17,1.3541666666666667
64,49,8522.9297,0.0017,1,113,15,1.3061224489795917
63,50,8506.8117,0.0139,1,113,13,1.26
62,51,8465.2762,0.1521,1,113,11,1.2156862745098038
61,52,8404.6366,0.2473,1,113,9,1.1730769230769231
60,53,8333.7528,0.0709,1,113,7,1.1320754716981132
59,54,8247.9277,0.0605,1,113,5,1.0925925925925926
58,55,8148.623,0.0759,1,113,3,1.0545454545454545
57,56,8035.0,3.0,0,113,1,1.0178571428571428
73,41,8097.0,4.0,0,114,32,1.7804878048780488
72,42,8219.0,3.0,0,114,30,1.7142857142857142
71,43,8290.2599,3.7995,1,114,28,1.6511627906976745
70,44,8385.3351,0.0312,1,114,26,1.5909090909090908
69,45,8426.6221,0.6277,1,114,24,1.5333333333333334
68,46,8488.0056,0.061,1,114,22,1.4782608695652173
67,47,8493.7786,0.04,1,114,20,1.425531914893617
66,48,8531.5135,0.0024,1,114,18,1.375
65,49,8511.9742,0.0027,1,114,16,1.3265306122448979
64,50,8522.5671,0.0004,1,114,14,1.28
63,51,8462.5191,0.1734,1,114,12,1.2352941176470589
62,52,8432.7885,0.2143,1,114,10,1.1923076923076923
61,53,8344.779,0.1757,1,114,8,1.150943396226415
60,54,8289.2054,0.0981,1,114,6,1.1111111111111112
59,55,8173.5711,0.7462,1,114,4,1.0727272727272728
58,56,8089.6865,0.9007,1,114,2,1.0357142857142858
74,41,8061.0,4.0,0,115,33,1.8048780487804879
73,42,8173.0,3.0,0,115,31,1.7380952380952381
72,43,8264.0,2.0,0,115,29,1.6744186046511629
71,44,8346.814,0.2188,1,115,27,1.6136363636363635
70,45,8410.6538,0.0636,1,115,25,1.5555555555555556
69,46,8457.7342,0.1178,1,115,23,1.5
68,47,8490.5553,0.1589,1,115,21,1.446808510638298
67,48,8510.7252,0.0057,1,115,19,1.3958333333333333
66,49,8516.5472,0.0003,1,115,17,1.346938775510204
65,50,8514.0702,0.0003,1,115,15,1.3
64,51,8480.9156,0.1394,1,115,13,1.2549019607843137
63,52,8431.1504,0.243,1,115,11,1.2115384615384615
62,53,8374.5651,0.2511,1,115,9,1.169811320754717
61,54,8300.9704,0.1053,1,115,7,1.1296296296296295
60,55,8216.0,1.0,0,115,5,1.0909090909090908
59,56,8116.0,2.0,0,115,3,1.0535714285714286
75,41,8012.0,3.0,0,116,34,1.829268292682927
74,42,8143.0,4.0,0,116,32,1.7619047619047619
73,43,8223.0,3.0,0,116,30,1.697674418604651
72,44,8326.884,0.0321,1,116,28,1.6363636363636365
71,45,8377.6123,0.6365,1,116,26,1.5777777777777777
70,46,8449.2755,0.0615,1,116,24,1.5217391304347827
69,47,8465.9073,0.0281,1,116,22,1.4680851063829787
68,48,8512.3511,0.0014,1,116,20,1.4166666666666667
67,49,8501.6177,0.0019,1,116,18,1.3673469387755102
66,50,8523.1166,0.0009,1,116,16,1.32
65,51,8475.8208,0.0444,1,116,14,1.2745098039215685
64,52,8455.6435,0.2087,1,116,12,1.2307692307692308
63,53,8381.2858,0.6469,1,116,10,1.1886792452830188
62,54,8336.8365,0.1122,1,116,8,1.1481481481481481
61,55,8235.0,1.0,0,116,6,1.1090909090909091
60,56,8162.0,2.0,0,116,4,1.0714285714285714
59,57,8032.0,3.0,0,116,2,1.0350877192982457
75,42,8096.0,4.0,0,117,33,1.7857142857142858
74,43,8195.0,3.0,0,117,31,1.7209302325581395
73,44,8285.5625,3.7021,1,117,29,1.6590909090909092
72,45,8359.2766,0.076,1,117,27,1.6
71,46,8416.9243,0.062,1,117,25,1.5434782608695652
70,47,8459.4515,0.116,1,117,23,1.4893617021276595
69,48,8488.974,0.0087,1,117,21,1.4375
68,49,8503.8653,0.0417,1,117,19,1.3877551020408163
67,50,8509.612,0.0041,1,117,17,1.34
66,51,8487.8981,0.0721,1,117,15,1.2941176470588236
65,52,8450.9203,0.115,1,117,13,1.25
64,53,8404.4307,0.2184,1,117,11,1.2075471698113207
63,54,8344.2976,0.0887,1,117,9,1.1666666666666667
62,55,8271.8652,0.5334,1,117,7,1.1272727272727272
61,56,8187.9546,2.1396,1,117,5,1.0892857142857142
60,57,8086.0,2.0,0,117,3,1.0526315789473684
76,42,8067.0,4.0,0,118,34,1.8095238095238095
75,43,8153.0,3.0,0,118,32,1.744186046511628
74,44,8263.0,2.0,0,118,30,1.6818181818181819
73,45,8322.8539,0.2054,1,118,28,1.6222222222222222
72,46,8405.2197,0.0211,1,118,26,1.565217391304348
71,47,8433.89,0.0213,1,118,24,1.5106382978723405
70,48,8487.835,0.1695,1,118,22,1.4583333333333333
69,49,8485.667,0.0657,1,118,20,1.4081632653061225
68,50,8516.5341,0.0042,1,118,18,1.36
67,51,8478.9156,0.0256,1,118,16,1.3137254901960784
66,52,8469.697,0.1551,1,118,14,1.2692307692307692
65,53,8406.1203,0.1675,1,118,12,1.2264150943396226
64,54,8374.9819,0.088,1,118,10,1.1851851851851851
63,55,8286.4053,0.1081,1,118,8,1.1454545454545455
62,56,8227.0,2.0,0,118,6,1.1071428571428572
61,57,8114.0,3.0,0,118,4,1.0701754385964912
77,42,8019.0,3.0,0,119,35,1.8333333333333333
76,43,8126.0,4.0,0,119,33,1.7674418604651163
75,44,8220.0,3.0,0,119,31,1.7045454545454546
74,45,8303.3953,0.0783,1,119,29,1.6444444444444444
73,46,8368.9594,0.0693,1,119,27,1.5869565217391304
72,47,8423.2126,0.1236,1,119,25,1.5319148936170213
71,48,8461.4381,0.3168,1,119,23,1.4791666666666667
70,49,8486.1387,0.0614,1,119,21,1.4285714285714286
69,50,8499.4494,0.0061,1,119,19,1.38
68,51,8487.9218,0.0588,1,119,17,1.3333333333333333
67,52,8462.0785,0.0612,1,119,15,1.2884615384615385
66,53,8426.8924,0.1824,1,119,13,1.2452830188679245
65,54,8378.442,0.0872,1,119,11,1.2037037037037037
64,55,8317.3347,0.1171,1,119,9,1.1636363636363636
63,56,8245.9287,1.6829,1,119,7,1.125
62,57,8159.0,3.0,0,119,5,1.087719298245614
61,58,8058.0,4.0,0,119,3,1.0517241379310345
77,43,8083.0,4.0,0,120,34,1.7906976744186047
76,44,8199.0,3.0,0,120,32,1.7272727272727273
75,45,8266.0,2.0,0,120,30,1.6666666666666667
74,46,8357.0817,0.0191,1,120,28,1.608695652173913
73,47,8395.3281,0.0373,1,120,26,1.553191489361702
72,48,8458.024,0.0311,1,120,24,1.5
71,49,8466.2575,0.3334,1,120,22,1.4489795918367347
70,50,8504.488,0.0077,1,120,20,1.4
69,51,8475.63,0.06,1,120,18,1.3529411764705883
68,52,8476.9857,0.0146,1,120,16,1.3076923076923077
67,53,8423.6745,0.1258,1,120,14,1.2641509433962264
66,54,8404.0322,0.0985,1,120,12,1.2222222222222223
65,55,8328.4811,0.0831,1,120,10,1.1818181818181819
64,56,8280.2949,2.5014,1,120,8,1.1428571428571428
63,57,8179.0,2.0,0,120,6,1.105263157894737
62,58,8108.0,4.0,0,120,4,1.0689655172413792
78,43,8054.0,4.0,0,121,35,1.813953488372093
77,44,8156.0,3.0,0,121,33,1.75
76,45,8245.2397,5.1194,1,121,31,1.6888888888888889
75,46,8320.8584,0.0277,1,121,29,1.6304347826086956
74,47,8382.3306,0.1001,1,121,27,1.574468085106383
73,48,8430.9972,0.0161,1,121,25,1.5208333333333333
72,49,8463.8767,0.2266,1,121,23,1.469387755102041
71,50,8485.1964,0.0081,1,121,21,1.42
70,51,8482.0574,0.0207,1,121,19,1.3725490196078431
69,52,8466.8641,0.2135,1,121,17,1.3269230769230769
68,53,8441.4111,0.039,1,121,15,1.2830188679245282
67,54,8403.8326,0.0847,1,121,13,1.2407407407407407
66,55,8352.9152,0.1181,1,121,11,1.2
65,56,8293.9083,1.1727,1,121,9,1.1607142857142858
64,57,8217.0,2.0,0,121,7,1.1228070175438596
63,58,8132.0,3.0,0,121,5,1.0862068965517242
62,59,8033.0,4.0,0,121,3,1.0508474576271187
79,43,8011.0,2.0,0,122,36,1.8372093023255813
78,44,8132.0,4.0,0,122,34,1.7727272727272727
77,45,8208.0,2.0,0,122,32,1.711111111111111
76,46,8305.9755,0.1603,1,122,30,1.6521739130434783
75,47,8352.7591,0.313,1,122,28,1.5957446808510638
74,48,8424.2667,0.0188,1,122,26,1.5416666666666667
73,49,8442.1079,0.4103,1,122,24,1.489795918367347
72,50,8487.8968,0.0201,1,122,22,1.44
71,51,8468.3222,0.0205,1,122,20,1.392156862745098
70,52,8478.1315,0.0111,1,122,18,1.3461538461538463
69,53,8437.0139,0.0425,1,122,16,1.3018867924528301
68,54,8424.6644,0.0911,1,122,14,1.2592592592592593
67,55,8359.1515,0.2761,1,122,12,1.2181818181818183
66,56,8323.7567,0.2291,1,122,10,1.1785714285714286
65,57,8235.0,2.0,0,122,8,1.1403508771929824
64,58,8174.0,3.0,0,122,6,1.103448275862069
63,59,8060.0,4.0,0,122,4,1.0677966101694916
79,44,8089.0,4.0,0,123,35,1.7954545454545454
78,45,8185.0,3.0,0,123,33,1.7333333333333334
77,46,8270.0318,6.4182,1,123,31,1.673913043478261
76,47,8337.9707,0.2651,1,123,29,1.6170212765957446
75,48,8395.3955,0.0219,1,123,27,1.5625
74,49,8437.9362,0.1612,1,123,25,1.510204081632653
73,50,8467.2313,0.0202,1,123,23,1.46
72,51,8472.3196,0.011,1,123,21,1.411764705882353
71,52,8465.537,0.011,1,123,19,1.3653846153846154
70,53,8449.1896,0.03,1,123,17,1.320754716981132
69,54,8420.9239,0.0775,1,123,15,1.2777777777777777
68,55,8380.3796,0.0985,1,123,13,1.2363636363636363
67,56,8330.2086,0.0985,1,123,11,1.1964285714285714
66,57,8267.0,2.0,0,123,9,1.1578947368421053
65,58,8193.0,2.0,0,123,7,1.1206896551724137
64,59,8104.0,3.0,0,123,5,1.0847457627118644
80,44,8065.0,5.0,0,124,36,1.8181818181818181
79,45,8148.0,3.0,0,124,34,1.7555555555555555
78,46,8252.0,2.0,0,124,32,1.6956521739130435
77,47,8308.8958,2.0283,1,124,30,1.6382978723404256
76,48,8387.0179,0.021,1,124,28,1.5833333333333333
75,49,8414.3243,0.2465,1,124,26,1.530612244897959
74,50,8467.3997,0.0106,1,124,24,1.48
73,51,8456.1517,0.011,1,124,22,1.4313725490196079
72,52,8473.2705,0.0109,1,124,20,1.3846153846153846
71,53,8441.4807,0.0185,1,124,18,1.3396226415094339
70,54,8437.6138,0.011,1,124,16,1.2962962962962963
69,55,8383.5114,0.0738,1,124,14,1.2545454545454546
68,56,8355.8209,0.1008,1,124,12,1.2142857142857142
67,57,8278.2926,0.457,1,124,10,1.1754385964912282
66,58,8229.0,2.0,0,124,8,1.1379310344827587
65,59,8128.0,3.0,0,124,6,1.1016949152542372
64,60,8054.0,4.0,0,124,4,1.0666666666666667
81,44,8023.0,2.0,0,125,37,1.8409090909090908
80,45,8124.0,4.0,0,125,35,1.7777777777777777
79,46,8215.0,3.0,0,125,33,1.7173913043478262
78,47,8293.3151,3.4652,1,125,31,1.6595744680851063
77,48,8357.6815,0.0231,1,125,29,1.6041666666666667
76,49,8407.9365,0.0142,1,125,27,1.5510204081632653
75,50,8445.5285,0.0106,1,125,25,1.5
74,51,8458.1612,0.0201,1,125,23,1.4509803921568627
73,52,8458.0361,0.0108,1,125,21,1.4038461538461537
72,53,8450.2911,0.0108,1,125,19,1.3584905660377358
71,54,8430.939,0.0113,1,125,17,1.3148148148148149
70,55,8399.8033,0.0619,1,125,15,1.2727272727272727
69,56,8358.1784,0.0879,1,125,13,1.2321428571428572
68,57,8304.6438,0.208,1,125,11,1.1929824561403508
67,58,8242.0,2.0,0,125,9,1.1551724137931034
66,59,8167.0,2.0,0,125,7,1.11864406779661
65,60,8080.0,3.0,0,125,5,1.0833333333333333
81,45,8087.0,4.0,0,126,36,1.8
80,46,8197.0,3.0,0,126,34,1.7391304347826086
79,47,8261.0,2.0,0,126,32,1.6808510638297873
78,48,8346.7393,0.0183,1,126,30,1.625
77,49,8384.6067,0.0333,1,126,28,1.5714285714285714
76,50,8443.5227,0.0848,1,126,26,1.52
75,51,8440.3136,0.2528,1,126,24,1.4705882352941178
74,52,8463.2397,0.0107,1,126,22,1.4230769230769231
73,53,8439.9379,0.03,1,126,20,1.3773584905660377
72,54,8443.5375,0.0003,1,126,18,1.3333333333333333
71,55,8399.2673,0.0822,1,126,16,1.290909090909091
70,56,8379.7187,0.0992,1,126,14,1.25
69,57,8312.4268,0.7183,1,126,12,1.2105263157894737
68,58,8273.2581,0.2218,1,126,10,1.1724137931034482
67,59,8184.0,2.0,0,126,8,1.1355932203389831
66,60,8122.0,2.0,0,126,6,1.1
65,61,8008.0,4.0,0,126,4,1.0655737704918034
82,45,8060.0,5.0,0,127,37,1.8222222222222222
81,46,8160.0,4.0,0,127,35,1.7608695652173914
80,47,8244.0,2.0,0,127,33,1.702127659574468
79,48,8316.8971,0.0488,1,127,31,1.6458333333333333
78,49,8374.8212,0.0788,1,127,29,1.5918367346938775
77,50,8420.5482,0.0726,1,127,27,1.54
76,51,8439.811,0.04,1,127,25,1.4901960784313726
75,52,8446.109,0.0108,1,127,23,1.4423076923076923
74,53,8445.482,0.0285,1,127,21,1.3962264150943395
73,54,8434.1066,0.0322,1,127,19,1.3518518518518519
72,55,8411.5617,0.0439,1,127,17,1.309090909090909
71,56,8378.456,0.0894,1,127,15,1.2678571428571428
70,57,8333.5412,0.2047,1,127,13,1.2280701754385965
69,58,8280.7922,0.2274,1,127,11,1.1896551724137931
68,59,8216.0,2.0,0,127,9,1.152542372881356
67,60,8142.0,2.0,0,127,7,1.1166666666666667
66,61,8052.0,3.0,0,127,5,1.0819672131147542
83,45,8010.0,2.0,0,128,38,1.8444444444444446
82,46,8137.0,4.0,0,128,36,1.7826086956521738
81,47,8211.0,2.0,0,128,34,1.7234042553191489
80,48,8303.2367,0.0503,1,128,32,1.6666666666666667
79,49,8351.4361,0.0103,1,128,30,1.6122448979591837
78,50,8416.9749,0.1381,1,128,28,1.56
77,51,8420.7724,0.1468,1,128,26,1.5098039215686274
76,52,8448.7536,0.0055,1,128,24,1.4615384615384615
75,53,8432.8309,0.0283,1,128,22,1.4150943396226414
74,54,8443.3008,0.0003,1,128,20,1.3703703703703705
73,55,8406.4953,0.042,1,128,18,1.3272727272727274
72,56,8395.9878,0.0126,1,128,16,1.2857142857142858
71,57,8337.1904,0.4254,1,128,14,1.2456140350877194
70,58,8306.9259,0.2183,1,128,12,1.206896551724138
69,59,8228.9141,0.2329,1,128,10,1.1694915254237288
68,60,8177.0,2.0,0,128,8,1.1333333333333333
67,61,8075.0,2.0,0,128,6,1.098360655737705
66,62,7998.0,4.0,0,128,4,1.064516129032258
83,46,8086.0,5.0,0,129,37,1.8043478260869565
82,47,8188.0,3.0,0,129,35,1.7446808510638299
81,48,8269.5311,0.0412,1,129,33,1.6875
80,49,8338.759,0.0153,1,129,31,1.6326530612244898
79,50,8392.8161,0.1339,1,129,29,1.58
78,51,8418.0598,0.1645,1,129,27,1.5294117647058822
77,52,8430.4098,0.0055,1,129,25,1.4807692307692308
76,53,8435.9908,0.0244,1,129,23,1.4339622641509433
75,54,8431.3904,0.0003,1,129,21,1.3888888888888888
74,55,8416.0465,0.0353,1,129,19,1.3454545454545455
73,56,8391.0811,0.0814,1,129,17,1.3035714285714286
72,57,8356.0449,0.1655,1,129,15,1.263157894736842
71,58,8310.9411,0.2166,1,129,13,1.2241379310344827
70,59,8254.3808,0.2311,1,129,11,1.1864406779661016
69,60,8191.0,2.0,0,129,9,1.15
68,61,8114.0,2.0,0,129,7,1.1147540983606556
67,62,8023.0,4.0,0,129,5,1.0806451612903225
84,46,8046.0,2.0,0,130,38,1.826086956521739
83,47,8142.0,3.0,0,130,36,1.7659574468085106
82,48,8252.5868,0.172,1,130,34,1.7083333333333333
81,49,8314.176,0.0138,1,130,32,1.653061224489796
80,50,8386.817,0.0144,1,130,30,1.6
79,51,8397.3641,0.1093,1,130,28,1.5490196078431373
78,52,8430.3251,0.0003,1,130,26,1.5
77,53,8421.1011,0.0243,1,130,24,1.4528301886792452
76,54,8437.7314,0.0003,1,130,22,1.4074074074074074
75,55,8408.7848,0.0643,1,130,20,1.3636363636363635
74,56,8405.513,0.0022,1,130,18,1.3214285714285714
73,57,8356.1919,0.1996,1,130,16,1.280701754385965
72,58,8333.2164,0.215,1,130,14,1.2413793103448276
71,59,8263.7565,0.4944,1,130,12,1.2033898305084745
70,60,8222.5136,0.215,1,130,10,1.1666666666666667
69,61,8131.0,2.0,0,130,8,1.1311475409836065
68,62,8065.0,3.0,0,130,6,1.096774193548387
67,63,7950.0,4.0,0,130,4,1.0634920634920635
85,46,7993.0,2.0,0,131,39,1.8478260869565217
84,47,8102.0,4.0,0,131,37,1.7872340425531914
83,48,8206.1204,0.1469,1,131,35,1.7291666666666667
82,49,8297.9544,0.0168,1,131,33,1.6734693877551021
81,50,8362.5183,0.0276,1,131,31,1.62
80,51,8392.5525,0.0159,1,131,29,1.5686274509803921
79,52,8411.2339,0.0005,1,131,27,1.5192307692307692
78,53,8422.2977,0.0046,1,131,25,1.471698113207547
77,54,8423.7367,0.0003,1,131,23,1.4259259259259258
76,55,8415.0317,0.0014,1,131,21,1.3818181818181818
75,56,8398.5511,0.0032,1,131,19,1.3392857142857142
74,57,8370.3676,0.2133,1,131,17,1.2982456140350878
73,58,8333.3969,0.2504,1,131,15,1.2586206896551724
72,59,8286.1439,0.3587,1,131,13,1.2203389830508475
71,60,8230.3045,0.2101,1,131,11,1.1833333333333333
70,61,8163.0,2.0,0,131,9,1.1475409836065573
69,62,8085.0,3.0,0,131,7,1.1129032258064515
68,63,7996.0,3.0,0,131,5,1.0793650793650793
85,47,8053.0,4.0,0,132,38,1.8085106382978724
84,48,8169.1421,0.4551,1,132,36,1.75
83,49,8253.7162,0.4548,1,132,34,1.6938775510204083
82,50,8354.8726,0.015,1,132,32,1.64
81,51,8372.3452,0.0187,1,132,30,1.588235294117647
80,52,8408.4859,0.0264,1,132,28,1.5384615384615385
79,53,8406.4628,0.0308,1,132,26,1.490566037735849
78,54,8427.6229,0.0003,1,132,24,1.4444444444444444
77,55,8405.5878,0.0079,1,132,22,1.4
76,56,8409.3747,0.008,1,132,20,1.3571428571428572
75,57,8367.7559,0.2754,1,132,18,1.3157894736842106
74,58,8352.3223,0.1546,1,132,16,1.2758620689655173
73,59,8291.5377,0.2188,1,132,14,1.2372881355932204
72,60,8256.8104,0.1834,1,132,12,1.2
71,61,8177.0,1.0,0,132,10,1.1639344262295082
70,62,8122.0,2.0,0,132,8,1.1290322580645162
69,63,8018.0,3.0,0,132,6,1.0952380952380953
86,47,8013.0,4.0,0,133,39,1.8297872340425532
85,48,8121.0,2.0,0,133,37,1.7708333333333333
84,49,8217.0,2.0,0,133,35,1.7142857142857142
83,50,8310.089,0.0143,1,133,33,1.66
82,51,8364.7302,0.0235,1,133,31,1.607843137254902
81,52,8389.0255,0.0155,1,133,29,1.5576923076923077
80,53,8405.0993,0.0444,1,133,27,1.509433962264151
79,54,8412.6477,0.018,1,133,25,1.462962962962963
78,55,8409.9786,0.0003,1,133,23,1.4181818181818182
77,56,8400.2059,0.0075,1,133,21,1.375
76,57,8378.8415,0.2101,1,133,19,1.3333333333333333
75,58,8349.8301,0.123,1,133,17,1.293103448275862
74,59,8310.2588,0.094,1,133,15,1.2542372881355932
73,60,8262.232,0.3502,1,133,13,1.2166666666666666
72,61,8204.2841,0.3782,1,133,11,1.180327868852459
71,62,8137.0,2.0,0,133,9,1.1451612903225807
70,63,8056.0,2.0,0,133,7,1.1111111111111112
69,64,7966.0,4.0,0,133,5,1.078125
86,48,8086.0,2.0,0,134,38,1.7916666666666667
85,49,8173.0,1.0,0,134,36,1.7346938775510203
84,50,8275.1719,0.0236,1,134,34,1.68
83,51,8325.9398,0.0229,1,134,32,1.6274509803921569
82,52,8383.6442,0.0205,1,134,30,1.5769230769230769
81,53,8389.0722,0.0362,1,134,28,1.528301886792453
80,54,8413.6994,0.0003,1,134,26,1.4814814814814814
79,55,8398.647,0.0003,1,134,24,1.4363636363636363
78,56,8408.1731,0.0019,1,134,22,1.3928571428571428
77,57,8374.4888,0.1487,1,134,20,1.3508771929824561
76,58,8365.7716,0.1521,1,134,18,1.3103448275862069
75,59,8312.8817,0.1516,1,134,16,1.271186440677966
74,60,8285.5391,0.0882,1,134,14,1.2333333333333334
73,61,8213.4131,0.3128,1,134,12,1.1967213114754098
72,62,8167.0,1.0,0,134,10,1.1612903225806452
71,63,8075.0,2.0,0,134,8,1.126984126984127
70,64,8008.0,3.0,0,134,6,1.09375
87,48,8036.0,3.0,0,135,39,1.8125
86,49,8136.0,2.0,0,135,37,1.7551020408163265
85,50,8230.6877,0.0228,1,135,35,1.7
84,51,8291.9894,0.0196,1,135,33,1.6470588235294117
83,52,8345.7384,0.0128,1,135,31,1.5961538461538463
82,53,8384.7609,0.0153,1,135,29,1.5471698113207548
81,54,8398.4783,0.0272,1,135,27,1.5
80,55,8401.3393,0.0027,1,135,25,1.4545454545454546
79,56,8397.5345,0.0018,1,135,23,1.4107142857142858
78,57,8382.7972,0.0699,1,135,21,1.368421052631579
77,58,8361.9861,0.076,1,135,19,1.3275862068965518
76,59,8328.9284,0.0875,1,135,17,1.2881355932203389
75,60,8288.1536,0.1417,1,135,15,1.25
74,61,8236.7933,0.6141,1,135,13,1.2131147540983607
73,62,8177.627,1.1454,1,135,11,1.1774193548387097
72,63,8107.0,1.0,0,135,9,1.1428571428571428
71,64,8028.0,3.0,0,135,7,1.109375
70,65,7939.0,3.0,0,135,5,1.0769230769230769
87,49,8091.0,2.0,0,136,38,1.7755102040816326
86,50,8197.0,1.0,0,136,36,1.72
85,51,8252.2533,0.0429,1,136,34,1.6666666666666667
84,52,8319.4301,0.0168,1,136,32,1.6153846153846154
83,53,8351.3242,0.1043,1,136,30,1.5660377358490567
82,54,8396.1889,0.0003,1,136,28,1.5185185185185186
81,55,8389.7723,0.0138,1,136,26,1.4727272727272727
80,56,8402.7566,0.0018,1,136,24,1.4285714285714286
79,57,8376.0512,0.391,1,136,22,1.3859649122807018
78,58,8373.7624,0.0024,1,136,20,1.3448275862068966
77,59,8330.0089,0.0842,1,136,18,1.305084745762712
76,60,8308.5127,0.0869,1,136,16,1.2666666666666666
75,61,8243.7207,0.5079,1,136,14,1.2295081967213115
74,62,8205.9165,0.0919,1,136,12,1.1935483870967742
73,63,8122.0,1.0,0,136,10,1.1587301587301588
72,64,8064.0,2.0,0,136,8,1.125
71,65,7961.0,4.0,0,136,6,1.0923076923076922
88,49,8053.0,3.0,0,137,39,1.7959183673469388
87,50,8152.0,2.0,0,137,37,1.74
86,51,8218.4764,0.3808,1,137,35,1.6862745098039216
85,52,8280.2357,0.0153,1,137,33,1.6346153846153846
84,53,8326.0033,0.0612,1,137,31,1.5849056603773586
83,54,8364.2865,0.0008,1,137,29,1.537037037037037
82,55,8388.9581,0.0022,1,137,27,1.490909090909091
81,56,8391.8288,0.0018,1,137,25,1.4464285714285714
80,57,8381.8807,0.012,1,137,23,1.4035087719298245
79,58,8367.2497,0.0026,1,137,21,1.3620689655172413
78,59,8341.7074,0.0594,1,137,19,1.3220338983050848
77,60,8309.5892,0.0856,1,137,17,1.2833333333333334
76,61,8263.6516,0.0952,1,137,15,1.2459016393442623
75,62,8213.5527,0.2089,1,137,13,1.2096774193548387
74,63,8150.5738,0.032,1,137,11,1.1746031746031746
73,64,8080.0,2.0,0,137,9,1.140625
72,65,7999.0,3.0,0,137,7,1.1076923076923078
88,50,8118.0,3.0,0,138,38,1.76
87,51,8178.0,2.0,0,138,36,1.7058823529411764
86,52,8252.5786,0.0274,1,138,34,1.6538461538461537
85,53,8292.445,0.0432,1,138,32,1.6037735849056605
84,54,8344.6913,0.0203,1,138,30,1.5555555555555556
83,55,8360.1437,0.0664,1,138,28,1.509090909090909
82,56,8393.4222,0.0018,1,138,26,1.4642857142857142
81,57,8375.0835,0.003,1,138,24,1.4210526315789473
80,58,8377.0408,0.0036,1,138,22,1.3793103448275863
79,59,8339.2195,0.0726,1,138,20,1.3389830508474576
78,60,8325.4946,0.0841,1,138,18,1.3
77,61,8268.3558,0.0841,1,138,16,1.2622950819672132
76,62,8237.9286,0.0856,1,138,14,1.2258064516129032
75,63,8161.6211,0.2025,1,138,12,1.1904761904761905
74,64,8112.0,1.0,0,138,10,1.15625
73,65,8019.0,2.0,0,138,8,1.123076923076923
72,66,7950.0,4.0,0,138,6,1.0909090909090908
89,50,8073.0,3.0,0,139,39,1.78
88,51,8144.0,3.0,0,139,37,1.7254901960784315
87,52,8211.7716,0.0255,1,139,35,1.6730769230769231
86,53,8265.61,0.0288,1,139,33,1.6226415094339623
85,54,8311.5904,0.0154,1,139,31,1.5740740740740742
84,55,8342.3397,0.0225,1,139,29,1.5272727272727273
83,56,8367.0194,0.0018,1,139,27,1.4821428571428572
82,57,8377.9987,0.0044,1,139,25,1.4385964912280702
81,58,8370.4664,0.015,1,139,23,1.396551724137931
80,59,8349.5208,0.0263,1,139,21,1.3559322033898304
79,60,8323.6642,0.198,1,139,19,1.3166666666666667
78,61,8285.5473,0.0978,1,139,17,1.278688524590164
77,62,8243.0786,0.0783,1,139,15,1.2419354838709677
76,63,8187.2187,0.0946,1,139,13,1.2063492063492063
75,64,8126.0,1.0,0,139,11,1.171875
74,65,8052.0,2.0,0,139,9,1.1384615384615384
73,66,7971.0,4.0,0,139,7,1.106060606060606
90,50,8038.0,2.0,0,140,40,1.8
89,51,8103.0,4.0,0,140,38,1.7450980392156863
88,52,8183.3567,0.1027,1,140,36,1.6923076923076923
87,53,8229.474,0.0865,1,140,34,1.6415094339622642
86,54,8290.8875,0.0166,1,140,32,1.5925925925925926
85,55,8314.3227,0.0586,1,140,30,1.5454545454545454
84,56,8353.15,0.0564,1,140,28,1.5
83,57,8355.0201,0.0043,1,140,26,1.456140350877193
82,58,8376.3045,0.0094,1,140,24,1.4137931034482758
81,59,8346.5163,0.0439,1,140,22,1.3728813559322033
80,60,8337.864,0.0233,1,140,20,1.3333333333333333
79,61,8289.0958,0.173,1,140,18,1.2950819672131149
78,62,8263.8211,0.0893,1,140,16,1.2580645161290323
77,63,8197.733,0.3681,1,140,14,1.2222222222222223
76,64,8154.9757,0.1996,1,140,12,1.1875
75,65,8068.6732,5.7178,1,140,10,1.1538461538461537
74,66,8008.0,3.0,0,140,8,1.121212121212121
73,67,7906.0,4.0,0,140,6,1.0895522388059702
90,51,8069.0,4.0,0,141,39,1.7647058823529411
89,52,8142.0,3.0,0,141,37,1.7115384615384615
88,53,8202.2562,0.1123,1,141,35,1.6603773584905661
87,54,8255.3647,0.0205,1,141,33,1.6111111111111112
86,55,8294.3554,0.0652,1,141,31,1.5636363636363637
85,56,8326.0774,0.0377,1,141,29,1.5178571428571428
84,57,8343.205,0.0293,1,141,27,1.4736842105263157
83,58,8355.3956,0.0093,1,141,25,1.4310344827586208
82,59,8353.9852,0.0106,1,141,23,1.3898305084745763
81,60,8335.5074,0.0226,1,141,21,1.35
80,61,8303.9405,0.0991,1,141,19,1.3114754098360655
79,62,8265.846,0.0605,1,141,17,1.2741935483870968
78,63,8217.6853,0.0896,1,141,15,1.2380952380952381
77,64,8164.609,0.1401,1,141,13,1.203125
76,65,8097.4761,0.7465,1,141,11,1.1692307692307693
75,66,8027.0,2.0,0,141,9,1.1363636363636365
74,67,7943.0,3.0,0,141,7,1.1044776119402986
91,51,8027.0,2.0,0,142,40,1.7843137254901962
90,52,8113.0,4.0,0,142,38,1.7307692307692308
89,53,8165.2517,0.0348,1,142,36,1.679245283018868
88,54,8233.1695,0.019,1,142,34,1.6296296296296295
87,55,8264.8777,0.0498,1,142,32,1.5818181818181818
86,56,8310.9718,0.0417,1,142,30,1.5357142857142858
85,57,8320.8263,0.0443,1,142,28,1.4912280701754386
84,58,8347.07,0.0172,1,142,26,1.4482758620689655
83,59,8336.3032,0.0106,1,142,24,1.4067796610169492
82,60,8346.031,0.0088,1,142,22,1.3666666666666667
81,61,8306.6587,0.1662,1,142,20,1.3278688524590163
80,62,8285.9407,0.0131,1,142,18,1.2903225806451613
79,63,8226.396,0.2117,1,142,16,1.253968253968254
78,64,8190.2569,0.1968,1,142,14,1.21875
77,65,8111.508,4.9335,1,142,12,1.1846153846153846
76,66,8061.0,5.0,0,142,10,1.1515151515151516
75,67,7965.0,3.0,0,142,8,1.1194029850746268
74,68,7893.0,4.0,0,142,6,1.088235294117647
91,52,8070.0,3.0,0,143,39,1.75
90,53,8137.0,1.0,0,143,37,1.6981132075471699
89,54,8196.8855,0.0326,1,143,35,1.6481481481481481
88,55,8243.6707,0.053,1,143,33,1.6
87,56,8281.9878,0.0472,1,143,31,1.5535714285714286
86,57,8306.1271,0.0513,1,143,29,1.5087719298245614
85,58,8324.6765,0.0171,1,143,27,1.4655172413793103
84,59,8329.428,0.0127,1,143,25,1.423728813559322
83,60,8330.4893,0.0088,1,143,23,1.3833333333333333
82,61,8317.7341,0.0206,1,143,21,1.3442622950819672
81,62,8288.1825,0.0192,1,143,19,1.3064516129032258
80,63,8245.8177,0.0768,1,143,17,1.2698412698412698
79,64,8198.3188,1.4007,1,143,15,1.234375
78,65,8138.2176,0.3583,1,143,13,1.2
77,66,8075.0527,0.0912,1,143,11,1.1666666666666667
76,67,7999.0,2.0,0,143,9,1.1343283582089552
75,68,7917.0,3.0,0,143,7,1.1029411764705883
92,52,8040.0,2.0,0,144,40,1.7692307692307692
91,53,8098.0,3.0,0,144,38,1.7169811320754718
90,54,8172.8845,0.0369,1,144,36,1.6666666666666667
89,55,8211.8894,0.1398,1,144,34,1.6181818181818182
88,56,8265.4549,0.0496,1,144,32,1.5714285714285714
87,57,8281.4283,0.0898,1,144,30,1.5263157894736843
86,58,8314.7612,0.0197,1,144,28,1.4827586206896552
85,59,8311.5411,0.0188,1,144,26,1.4406779661016949
84,60,8326.9237,0.0087,1,144,24,1.4
83,61,8305.2969,0.0202,1,144,22,1.360655737704918
82,62,8303.68,0.0101,1,144,20,1.3225806451612903
81,63,8254.1744,0.0749,1,144,18,1.2857142857142858
80,64,8221.9382,0.1941,1,144,16,1.25
79,65,8151.2877,0.1941,1,144,14,1.2153846153846153
78,66,8105.5902,0.0498,1,144,12,1.1818181818181819
77,67,8017.0977,0.0589,1,144,10,1.1492537313432836
76,68,7956.0,1.0,0,144,8,1.1176470588235294
75,69,7850.0,3.0,0,144,6,1.0869565217391304
93,52,7998.0,2.0,0,145,41,1.7884615384615385
92,53,8069.0,3.0,0,145,39,1.7358490566037736
91,54,8135.0877,0.0771,1,145,37,1.6851851851851851
90,55,8188.7342,0.0625,1,145,35,1.6363636363636365
89,56,8234.7991,0.0585,1,145,33,1.5892857142857142
88,57,8266.0873,0.0846,1,145,31,1.543859649122807
87,58,8289.8762,0.2338,1,145,29,1.5
86,59,8302.1285,0.0493,1,145,27,1.4576271186440677
85,60,8309.1883,0.0088,1,145,25,1.4166666666666667
84,61,8302.6583,0.0193,1,145,23,1.3770491803278688
83,62,8293.0139,0.0102,1,145,21,1.3387096774193548
82,63,8269.2744,0.0211,1,145,19,1.3015873015873016
81,64,8228.9485,0.136,1,145,17,1.265625
80,65,8178.5397,0.7648,1,145,15,1.2307692307692308
79,66,8116.8884,0.045,1,145,13,1.196969696969697
78,67,8048.5792,0.0514,1,145,11,1.164179104477612
77,68,7975.0,1.0,0,145,9,1.1323529411764706
76,69,7889.0,1.0,0,145,7,1.1014492753623188
93,53,8031.0,2.0,0,146,40,1.7547169811320755
92,54,8110.4154,0.1659,1,146,38,1.7037037037037037
91,55,8155.4365,0.0198,1,146,36,1.6545454545454545
90,56,8215.5293,0.0121,1,146,34,1.6071428571428572
89,57,8239.9988,0.0115,1,146,32,1.5614035087719298
88,58,8278.5081,0.1004,1,146,30,1.5172413793103448
87,59,8280.325,0.2353,1,146,28,1.4745762711864407
86,60,8304.0927,0.0087,1,146,26,1.4333333333333333
85,61,8288.655,0.0293,1,146,24,1.3934426229508197
84,62,8293.8581,0.0209,1,146,22,1.3548387096774193
83,63,8261.9327,0.0412,1,146,20,1.3174603174603174
82,64,8249.5072,0.0279,1,146,18,1.28125
81,65,8187.1474,0.3073,1,146,16,1.2461538461538462
80,66,8146.1128,0.0459,1,146,14,1.2121212121212122
79,67,8063.2426,0.0451,1,146,12,1.1791044776119404
78,68,8010.5127,0.0459,1,146,10,1.1470588235294117
77,69,7914.0,1.0,0,146,8,1.1159420289855073
94,53,8001.0,2.0,0,147,41,1.7735849056603774
93,54,8072.0,1.0,0,147,39,1.7222222222222223
92,55,8131.801,0.057,1,147,37,1.6727272727272726
91,56,8183.2405,0.1343,1,147,35,1.625
90,57,8221.5536,0.0729,1,147,33,1.5789473684210527
89,58,8252.5274,0.0584,1,147,31,1.5344827586206897
88,59,8270.54,0.1079,1,147,29,1.4915254237288136
87,60,8283.6036,0.0087,1,147,27,1.45
86,61,8284.3712,0.0088,1,147,25,1.4098360655737705
85,62,8280.5734,0.0086,1,147,23,1.3709677419354838
84,63,8263.5409,0.0175,1,147,21,1.3333333333333333
83,64,8243.3366,0.0128,1,147,19,1.296875
82,65,8206.625,0.0551,1,147,17,1.2615384615384615
81,66,8156.768,0.0602,1,147,15,1.2272727272727273
80,67,8094.0381,0.034,1,147,13,1.1940298507462686
79,68,8026.476,0.2598,1,147,11,1.161764705882353
78,69,7948.8178,0.0465,1,147,9,1.1304347826086956
94,54,8047.0,2.0,0,148,40,1.7407407407407407
93,55,8097.5469,0.0881,1,148,38,1.690909090909091
92,56,8164.1118,0.0101,1,148,36,1.6428571428571428
91,57,8193.7165,0.1315,1,148,34,1.5964912280701755
90,58,8240.3876,0.0756,1,148,32,1.5517241379310345
89,59,8249.5409,0.1016,1,148,30,1.5084745762711864
88,60,8277.1778,0.0139,1,148,28,1.4666666666666666
87,61,8268.2283,0.0384,1,148,26,1.4262295081967213
86,62,8279.6326,0.0084,1,148,24,1.3870967741935485
85,63,8253.8155,0.0673,1,148,22,1.3492063492063493
84,64,8248.3398,0.0099,1,148,20,1.3125
83,65,8204.3207,0.0842,1,148,18,1.2769230769230768
82,66,8180.943,0.0589,1,148,16,1.2424242424242424
81,67,8108.9797,0.5664,1,148,14,1.208955223880597
80,68,8059.6924,0.0692,1,148,12,1.1764705882352942
79,69,7968.5011,0.0692,1,148,10,1.144927536231884
78,70,7906.0,3.0,0,148,8,1.1142857142857143
95,54,8009.0,2.0,0,149,41,1.7592592592592593
94,55,8073.0,3.0,0,149,39,1.709090909090909
93,56,8131.8495,0.0169,1,149,37,1.6607142857142858
92,57,8176.1915,1.344,1,149,35,1.6140350877192982
91,58,8214.2294,0.0688,1,149,33,1.5689655172413792
90,59,8238.304,0.0663,1,149,31,1.5254237288135593
89,60,8255.4437,0.0138,1,149,29,1.4833333333333334
88,61,8261.5277,0.0147,1,149,27,1.4426229508196722
87,62,8263.4683,0.0078,1,149,25,1.403225806451613
86,63,8253.556,0.0262,1,149,23,1.3650793650793651
85,64,8239.4856,0.0222,1,149,21,1.328125
84,65,8209.8153,0.0244,1,149,19,1.2923076923076924
83,66,8179.0972,0.0616,1,149,17,1.2575757575757576
82,67,8133.255,0.0804,1,149,15,1.2238805970149254
81,68,8074.9558,0.1875,1,149,13,1.1911764705882353
80,69,8004.0,1.0,0,149,11,1.1594202898550725
79,70,7927.0,2.0,0,149,9,1.1285714285714286
96,54,7983.0,2.0,0,150,42,1.7777777777777777
95,55,8039.0,3.0,0,150,40,1.7272727272727273
94,56,8111.8405,0.0379,1,150,38,1.6785714285714286
93,57,8149.4339,0.0168,1,150,36,1.631578947368421
92,58,8201.123,0.078,1,150,34,1.5862068965517242
91,59,8218.9316,0.0601,1,150,32,1.5423728813559323
90,60,8249.5789,0.0075,1,150,30,1.5
89,61,8243.8125,0.1335,1,150,28,1.459016393442623
88,62,8261.6235,0.0074,1,150,26,1.4193548387096775
87,63,8241.3481,0.0415,1,150,24,1.380952380952381
86,64,8242.6103,0.0404,1,150,22,1.34375
85,65,8206.3396,0.0491,1,150,20,1.3076923076923077
84,66,8189.1495,0.0288,1,150,18,1.2727272727272727
83,67,8134.8423,0.0945,1,150,16,1.2388059701492538
82,68,8102.1962,0.1146,1,150,14,1.2058823529411764
81,69,8021.0,1.0,0,150,12,1.173913043478261
80,70,7965.0,2.0,0,150,10,1.1428571428571428
79,71,7866.0,2.0,0,150,8,1.1126760563380282
96,55,8013.0,3.0,0,151,41,1.7454545454545454
95,56,8079.0,3.0,0,151,39,1.6964285714285714
94,57,8129.0436,2.8839,1,151,37,1.6491228070175439
93,58,8176.2779,0.1172,1,151,35,1.603448275862069
92,59,8207.8824,0.0772,1,151,33,1.5593220338983051
91,60,8230.2741,0.0075,1,151,31,1.5166666666666666
90,61,8241.2723,0.0305,1,151,29,1.4754098360655739
89,62,8243.9735,0.0074,1,151,27,1.435483870967742
88,63,8239.2998,0.0077,1,151,25,1.3968253968253967
87,64,8231.0446,0.0198,1,151,23,1.359375
86,65,8208.8743,0.0271,1,151,21,1.323076923076923
85,66,8184.6789,0.0215,1,151,19,1.2878787878787878
84,67,8145.5267,0.055,1,151,17,1.2537313432835822
83,68,8104.8723,0.1091,1,151,15,1.2205882352941178
82,69,8050.0576,0.1283,1,151,13,1.1884057971014492
81,70,7983.7556,1.99,1,151,11,1.1571428571428573
80,71,7904.0,2.0,0,151,9,1.1267605633802817
97,55,7980.0,3.0,0,152,42,1.7636363636363637
96,56,8057.0,3.0,0,152,40,1.7142857142857142
95,57,8102.0,2.0,0,152,38,1.6666666666666667
94,58,8161.0,1.0,0,152,36,1.6206896551724137
93,59,8187.1049,0.122,1,152,34,1.576271186440678
92,60,8224.0078,0.161,1,152,32,1.5333333333333334
91,61,8226.1293,0.1704,1,152,30,1.4918032786885247
90,62,8244.0645,0.0067,1,152,28,1.4516129032258065
89,63,8226.5854,0.0077,1,152,26,1.4126984126984128
88,64,8233.4042,0.0066,1,152,24,1.375
87,65,8202.0072,0.2632,1,152,22,1.3384615384615384
86,66,8192.9171,0.0302,1,152,20,1.303030303030303
85,67,8144.9193,0.0824,1,152,18,1.2686567164179106
84,68,8119.3485,0.0581,1,152,16,1.2352941176470589
83,69,8056.4387,0.3554,1,152,14,1.2028985507246377
82,70,8015.4371,0.9849,1,152,12,1.1714285714285715
81,71,7926.0,1.0,0,152,10,1.1408450704225352
97,56,8023.0,3.0,0,153,41,1.7321428571428572
96,57,8081.0,2.0,0,153,39,1.6842105263157894
95,58,8134.0,1.0,0,153,37,1.6379310344827587
94,59,8172.0371,0.0777,1,153,35,1.5932203389830508
93,60,8204.5832,0.018,1,153,33,1.55
92,61,8221.1536,0.0592,1,153,31,1.5081967213114753
91,62,8228.5373,0.0067,1,153,29,1.467741935483871
90,63,8228.7011,0.0077,1,153,27,1.4285714285714286
89,64,8220.4209,0.0066,1,153,25,1.390625
88,65,8205.0504,0.0258,1,153,23,1.353846153846154
87,66,8185.7514,0.0262,1,153,21,1.3181818181818181
86,67,8153.6372,0.0331,1,153,19,1.2835820895522387
85,68,8118.8154,0.0607,1,153,17,1.25
84,69,8071.2571,0.0783,1,153,15,1.2173913043478262
83,70,8022.0,1.0,0,153,13,1.1857142857142857
82,71,7959.0882,0.9805,1,153,11,1.1549295774647887
81,72,7882.0,2.0,0,153,9,1.125
98,56,8001.0,3.0,0,154,42,1.75
97,57,8051.0,2.0,0,154,40,1.7017543859649122
96,58,8116.0,1.0,0,154,38,1.6551724137931034
95,59,8147.2994,0.6494,1,154,36,1.6101694915254237
94,60,8192.3491,0.0067,1,154,34,1.5666666666666667
93,61,8204.717,0.1625,1,154,32,1.5245901639344261
92,62,8226.8379,0.0085,1,154,30,1.4838709677419355
91,63,8217.1006,0.0077,1,154,28,1.4444444444444444
90,64,8224.7996,0.0065,1,154,26,1.40625
89,65,8196.6697,0.2942,1,154,24,1.3692307692307693
88,66,8193.1305,0.0483,1,154,22,1.3333333333333333
87,67,8150.6825,0.0534,1,154,20,1.2985074626865671
86,68,8132.3919,0.0322,1,154,18,1.2647058823529411
85,69,8074.209,0.0936,1,154,16,1.2318840579710144
84,70,8039.9402,0.1122,1,154,14,1.2
83,71,7968.0,1.0,0,154,12,1.1690140845070423
82,72,7918.0,2.0,0,154,10,1.1388888888888888
98,57,8028.0,3.0,0,155,41,1.719298245614035
97,58,8087.0,2.0,0,155,39,1.6724137931034482
96,59,8131.0398,0.111,1,155,37,1.6271186440677967
95,60,8170.305,0.0591,1,155,35,1.5833333333333333
94,61,8195.2977,0.0304,1,155,33,1.540983606557377
93,62,8211.2258,0.0086,1,155,31,1.5
92,63,8216.676,0.0081,1,155,29,1.4603174603174602
91,64,8213.2541,0.0063,1,155,27,1.421875
90,65,8202.9173,0.0634,1,155,25,1.3846153846153846
89,66,8184.357,0.0622,1,155,23,1.3484848484848484
88,67,8159.2055,0.1127,1,155,21,1.3134328358208955
87,68,8129.4444,0.0392,1,155,19,1.2794117647058822
86,69,8088.376,0.064,1,155,17,1.2463768115942029
85,70,8043.8234,0.1071,1,155,15,1.2142857142857142
84,71,7987.4369,0.1242,1,155,13,1.1830985915492958
83,72,7929.0,2.0,0,155,11,1.1527777777777777
82,73,7858.0,2.0,0,155,9,1.1232876712328768
99,57,7997.0,3.0,0,156,42,1.736842105263158
98,58,8068.0,2.0,0,156,40,1.6896551724137931
97,59,8105.2337,0.0066,1,156,38,1.6440677966101696
96,60,8156.3265,0.0084,1,156,36,1.6
95,61,8176.7263,0.0076,1,156,34,1.5573770491803278
94,62,8205.0054,0.0546,1,156,32,1.5161290322580645
93,63,8204.6192,0.0226,1,156,30,1.4761904761904763
92,64,8215.3253,0.0063,1,156,28,1.4375
91,65,8194.6415,0.0242,1,156,26,1.4
90,66,8192.4366,0.0063,1,156,24,1.3636363636363635
89,67,8155.428,0.2463,1,156,22,1.328358208955224
88,68,8141.9084,0.1579,1,156,20,1.2941176470588236
87,69,8089.6032,0.0915,1,156,18,1.2608695652173914
86,70,8061.7107,0.0597,1,156,16,1.2285714285714286
85,71,7995.3752,0.3469,1,156,14,1.1971830985915493
84,72,7952.6676,0.9599,1,156,12,1.1666666666666667
83,73,7872.0,2.0,0,156,10,1.1369863013698631
100,57,7972.0,2.0,0,157,43,1.7543859649122806
99,58,8037.0,3.0,0,157,41,1.706896551724138
98,59,8085.817,0.0202,1,157,39,1.6610169491525424
97,60,8132.1671,0.0136,1,157,37,1.6166666666666667
96,61,8164.1458,0.0446,1,157,35,1.5737704918032787
95,62,8187.0642,0.0282,1,157,33,1.532258064516129
94,63,8199.7975,0.027,1,157,31,1.492063492063492
93,64,8203.5072,0.0062,1,157,29,1.453125
92,65,8198.1416,0.0065,1,157,27,1.4153846153846155
91,66,8184.6287,0.0328,1,157,25,1.378787878787879
90,67,8163.1373,0.1495,1,157,23,1.3432835820895523
89,68,8136.3757,0.1688,1,157,21,1.3088235294117647
88,69,8101.4285,0.178,1,157,19,1.2753623188405796
87,70,8062.7551,0.0695,1,157,17,1.2428571428571429
86,71,8013.3128,0.0769,1,157,15,1.2112676056338028
85,72,7960.0,1.0,0,157,13,1.1805555555555556
84,73,7896.0608,0.9557,1,157,11,1.1506849315068493
83,74,7828.0,3.0,0,157,9,1.1216216216216217
100,58,8015.0,3.0,0,158,42,1.7241379310344827
99,59,8059.0,2.0,0,158,40,1.6779661016949152
98,60,8114.9529,0.0083,1,158,38,1.6333333333333333
97,61,8143.3622,0.0056,1,158,36,1.5901639344262295
96,62,8177.3075,0.0303,1,158,34,1.5483870967741935
95,63,8185.132,0.0129,1,158,32,1.507936507936508
94,64,8201.8229,0.0062,1,158,30,1.46875
93,65,8189.1556,0.008,1,158,28,1.4307692307692308
92,66,8190.1298,0.0148,1,158,26,1.393939393939394
91,67,8158.4709,0.1716,1,158,24,1.3582089552238805
90,68,8147.927,0.1596,1,158,22,1.3235294117647058
89,69,8101.1994,0.1596,1,158,20,1.289855072463768
88,70,8079.1999,0.0505,1,158,18,1.2571428571428571
87,71,8018.5685,0.0957,1,158,16,1.2253521126760563
86,72,7981.2764,0.1107,1,158,14,1.1944444444444444
85,73,7907.0,1.0,0,158,12,1.1643835616438356
84,74,7855.0,2.0,0,158,10,1.135135135135135
101,58,7983.0,3.0,0,159,43,1.7413793103448276
100,59,8037.0,3.0,0,159,41,1.694915254237288
99,60,8088.8224,0.1875,1,159,39,1.65
98,61,8126.8601,0.0631,1,159,37,1.6065573770491803
97,62,8157.4963,0.0373,1,159,35,1.564516129032258
96,63,8176.6987,0.0272,1,159,33,1.5238095238095237
95,64,8187.6177,0.0062,1,159,31,1.484375
94,65,8188.8025,0.0069,1,159,29,1.4461538461538461
93,66,8181.5842,0.0091,1,159,27,1.4090909090909092
92,67,8165.1066,0.0192,1,159,25,1.373134328358209
91,68,8142.7742,0.0229,1,159,23,1.338235294117647
90,69,8112.7549,0.1758,1,159,21,1.3043478260869565
89,70,8078.0428,0.1106,1,159,19,1.2714285714285714
88,71,8034.6009,0.2369,1,159,17,1.2394366197183098
87,72,7986.561,0.1057,1,159,15,1.2083333333333333
86,73,7928.7258,0.1238,1,159,13,1.178082191780822
85,74,7867.0,2.0,0,159,11,1.1486486486486487
84,75,7795.0,2.0,0,159,9,1.12
101,59,8009.0,2.0,0,160,42,1.7118644067796611
100,60,8069.9662,0.2911,1,160,40,1.6666666666666667
99,61,8103.6398,0.0128,1,160,38,1.6229508196721312
98,62,8144.6159,0.0122,1,160,36,1.5806451612903225
97,63,8160.103,0.0057,1,160,34,1.5396825396825398
96,64,8183.0171,0.007,1,160,32,1.5
95,65,8177.4676,0.0069,1,160,30,1.4615384615384615
94,66,8184.0526,0.0044,1,160,28,1.4242424242424243
93,67,8158.6004,0.0939,1,160,26,1.3880597014925373
92,68,8151.7217,0.1515,1,160,24,1.3529411764705883
91,69,8110.8124,0.2043,1,160,22,1.318840579710145
90,70,8092.5614,0.0343,1,160,20,1.2857142857142858
89,71,8038.3387,0.3551,1,160,18,1.2535211267605635
88,72,8006.3791,0.0596,1,160,16,1.2222222222222223
87,73,7938.2704,0.3395,1,160,14,1.1917808219178083
86,74,7892.7893,0.9363,1,160,12,1.162162162162162
85,75,7810.0,2.0,0,160,10,1.1333333333333333
102,59,7986.0,3.0,0,161,43,1.728813559322034
101,60,8042.0,2.0,0,161,41,1.6833333333333333
100,61,8085.9977,0.0561,1,161,39,1.639344262295082
99,62,8122.0418,0.0423,1,161,37,1.596774193548387
98,63,8148.981,0.0646,1,161,35,1.5555555555555556
97,64,8167.1934,0.0093,1,161,33,1.515625
96,65,8174.4809,0.0076,1,161,31,1.476923076923077
95,66,8173.3093,0.0043,1,161,29,1.4393939393939394
94,67,8163.1134,0.0134,1,161,27,1.4029850746268657
93,68,8145.8628,0.0545,1,161,25,1.3676470588235294
92,69,8120.4906,0.1736,1,161,23,1.3333333333333333
91,70,8090.3861,0.0938,1,161,21,1.3
90,71,8052.7821,0.1736,1,161,19,1.267605633802817
89,72,8009.1245,0.1457,1,161,17,1.2361111111111112
88,73,7957.45,0.1514,1,161,15,1.2054794520547945
87,74,7901.0,1.0,0,161,13,1.1756756756756757
86,75,7836.3292,0.9311,1,161,11,1.1466666666666667
85,76,7765.0,2.0,0,161,9,1.118421052631579
102,60,8022.0,2.0,0,162,42,1.7
101,61,8061.0,2.0,0,162,40,1.6557377049180328
100,62,8107.5745,0.0218,1,162,38,1.6129032258064515
99,63,8129.5593,0.0081,1,162,36,1.5714285714285714
98,64,8159.0373,0.0245,1,162,34,1.53125
97,65,8164.0773,0.0127,1,162,32,1.4923076923076923
96,66,8173.4555,0.0043,1,162,30,1.4545454545454546
95,67,8155.4126,0.0192,1,162,28,1.4179104477611941
94,68,8152.3959,0.0047,1,162,26,1.3823529411764706
93,69,8117.5868,0.1609,1,162,24,1.3478260869565217
92,70,8102.5333,0.0932,1,162,22,1.3142857142857143
91,71,8054.5596,0.4632,1,162,20,1.2816901408450705
90,72,8027.1171,0.0553,1,162,18,1.25
89,73,7964.3432,0.3909,1,162,16,1.2191780821917808
88,74,7923.8214,0.109,1,162,14,1.1891891891891893
87,75,7848.0,1.0,0,162,12,1.16
86,76,7794.0,2.0,0,162,10,1.131578947368421
103,60,7992.0,3.0,0,163,43,1.7166666666666666
102,61,8042.0,2.0,0,163,41,1.6721311475409837
101,62,8084.1653,0.0451,1,163,39,1.6290322580645162
100,63,8116.0172,0.0056,1,163,37,1.5873015873015872
99,64,8140.756,0.0049,1,163,35,1.546875
98,65,8155.6322,0.0249,1,163,33,1.5076923076923077
97,66,8161.784,0.0043,1,163,31,1.4696969696969697
96,67,8156.967,0.0043,1,163,29,1.4328358208955223
95,68,8144.7403,0.0284,1,163,27,1.3970588235294117
94,69,8124.9774,0.0338,1,163,25,1.3623188405797102
93,70,8099.1069,0.0927,1,163,23,1.3285714285714285
92,71,8066.6848,0.1714,1,163,21,1.295774647887324
91,72,8028.0072,0.1576,1,163,19,1.2638888888888888
90,73,7981.8905,0.2335,1,163,17,1.2328767123287672
89,74,7930.3043,0.3584,1,163,15,1.2027027027027026
88,75,7870.8655,0.1137,1,163,13,1.1733333333333333
87,76,7807.0,2.0,0,163,11,1.144736842105263
86,77,7734.0,2.0,0,163,9,1.1168831168831168
103,61,8014.0,2.0,0,164,42,1.6885245901639345
102,62,8067.7803,0.025,1,164,40,1.6451612903225807
101,63,8095.3686,0.0126,1,164,38,1.6031746031746033
100,64,8129.9978,0.0061,1,164,36,1.5625
99,65,8139.9304,0.0114,1,164,34,1.523076923076923
98,66,8158.7129,0.0042,1,164,32,1.4848484848484849
97,67,8147.9234,0.0085,1,164,30,1.4477611940298507
96,68,8149.0191,0.0043,1,164,28,1.411764705882353
95,69,8119.6534,0.1525,1,164,26,1.3768115942028984
94,70,8109.4149,0.0921,1,164,24,1.3428571428571427
93,71,8065.8043,0.1704,1,164,22,1.3098591549295775
92,72,8043.8142,0.0964,1,164,20,1.2777777777777777
91,73,7986.9978,0.1704,1,164,18,1.2465753424657535
90,74,7951.4515,0.059,1,164,16,1.2162162162162162
89,75,7881.0523,0.3326,1,164,14,1.1866666666666668
88,76,7833.308,0.914,1,164,12,1.1578947368421053
87,77,7750.0,2.0,0,164,10,1.12987012987013
104,61,7992.0,3.0,0,165,43,1.7049180327868851
103,62,8041.0,2.0,0,165,41,1.6612903225806452
102,63,8080.0529,0.0316,1,165,39,1.619047619047619
101,64,8110.4428,0.0079,1,165,37,1.578125
100,65,8130.3259,0.0093,1,165,35,1.5384615384615385
99,66,8143.9083,0.0042,1,165,33,1.5
98,67,8146.9591,0.0048,1,165,31,1.462686567164179
97,68,8139.9348,0.0056,1,165,29,1.4264705882352942
96,69,8125.5489,0.0101,1,165,27,1.391304347826087
95,70,8104.8399,0.1608,1,165,25,1.3571428571428572
94,71,8076.746,0.1608,1,165,23,1.323943661971831
93,72,8042.8728,0.1694,1,165,21,1.2916666666666667
92,73,8003.0547,0.0823,1,165,19,1.2602739726027397
91,74,7955.9704,0.1561,1,165,17,1.2297297297297298
90,75,7901.5201,0.143,1,165,15,1.2
89,76,7843.0,1.0,0,165,13,1.1710526315789473
88,77,7776.0,1.0,0,165,11,1.1428571428571428
87,78,7703.0,2.0,0,165,9,1.1153846153846154
104,62,8023.0,2.0,0,166,42,1.6774193548387097
103,63,8056.0,1.0,0,166,40,1.6349206349206349
102,64,8097.226,0.0095,1,166,38,1.59375
101,65,8113.223,0.0088,1,166,36,1.5538461538461539
100,66,8137.2793,0.0048,1,166,34,1.5151515151515151
99,67,8135.4933,0.0047,1,166,32,1.4776119402985075
98,68,8141.9479,0.002,1,166,30,1.4411764705882353
97,69,8118.9357,0.0696,1,166,28,1.4057971014492754
96,70,8112.4591,0.0422,1,166,26,1.3714285714285714
95,71,8074.1756,0.1796,1,166,24,1.3380281690140845
94,72,8056.4386,0.1683,1,166,22,1.3055555555555556
93,73,8004.9714,0.1683,1,166,20,1.273972602739726
92,74,7974.8951,0.057,1,166,18,1.2432432432432432
91,75,7909.6392,0.5316,1,166,16,1.2133333333333334
90,76,7866.3371,0.1082,1,166,14,1.1842105263157894
89,77,7789.0,1.0,0,166,12,1.155844155844156
88,78,7733.0,2.0,0,166,10,1.1282051282051282
105,62,7992.0,3.0,0,167,43,1.6935483870967742
104,63,8038.0,2.0,0,167,41,1.6507936507936507
103,64,8075.5428,0.0312,1,167,39,1.609375
102,65,8101.441,0.0116,1,167,37,1.5692307692307692
101,66,8120.8782,0.024,1,167,35,1.5303030303030303
100,67,8130.3732,0.0311,1,167,33,1.492537313432836
99,68,8131.7352,0.0017,1,167,31,1.4558823529411764
98,69,8122.5826,0.0075,1,167,29,1.4202898550724639
97,70,8106.202,0.0237,1,167,27,1.3857142857142857
96,71,8083.1722,0.2231,1,167,25,1.352112676056338
95,72,8054.185,0.1673,1,167,23,1.3194444444444444
94,73,8018.8614,0.1673,1,167,21,1.2876712328767124
93,74,7976.7045,0.112,1,167,19,1.2567567567567568
92,75,7929.0,0.0,0,167,17,1.2266666666666666
91,76,7873.9557,0.4844,1,167,15,1.1973684210526316
90,77,7812.8254,0.1099,1,167,13,1.1688311688311688
89,78,7746.0,2.0,0,167,11,1.141025641025641
106,62,7971.0,2.0,0,168,44,1.7096774193548387
105,63,8012.0,2.0,0,168,42,1.6666666666666667
104,64,8060.0,2.0,0,168,40,1.625
103,65,8082.798,0.025,1,168,38,1.5846153846153845
102,66,8112.5293,0.8334,1,168,36,1.5454545454545454
101,67,8116.8061,0.1786,1,168,34,1.507462686567164
100,68,8129.5897,0.0016,1,168,32,1.4705882352941178
99,69,8114.9516,0.01,1,168,30,1.434782608695652
98,70,8111.887,0.0006,1,168,28,1.4
97,71,8080.4026,0.226,1,168,26,1.3661971830985915
96,72,8065.5536,0.1663,1,168,24,1.3333333333333333
95,73,8019.4287,0.1663,1,168,22,1.3013698630136987
94,74,7993.9327,0.0789,1,168,20,1.2702702702702702
93,75,7935.1208,0.1835,1,168,18,1.24
92,76,7895.9408,0.0589,1,168,16,1.2105263157894737
91,77,7823.8509,0.3287,1,168,14,1.1818181818181819
90,78,7773.6217,0.8925,1,168,12,1.1538461538461537
89,79,7688.0,2.0,0,168,10,1.1265822784810127
106,63,7991.0,3.0,0,169,43,1.6825396825396826
105,64,8035.0,2.0,0,169,41,1.640625
104,65,8069.0,2.0,0,169,39,1.6
103,66,8094.7566,1.7791,1,169,37,1.5606060606060606
102,67,8109.0622,0.1186,1,169,35,1.5223880597014925
101,68,8117.0078,0.0018,1,169,33,1.4852941176470589
100,69,8114.4702,0.0044,1,169,31,1.4492753623188406
99,70,8104.5206,0.0011,1,169,29,1.4142857142857144
98,71,8086.3233,0.0178,1,169,27,1.380281690140845
97,72,8061.7791,0.1654,1,169,25,1.3472222222222223
96,73,8030.9577,0.1654,1,169,23,1.3150684931506849
95,74,7994.5381,0.0913,1,169,21,1.2837837837837838
94,75,7951.3963,0.0673,1,169,19,1.2533333333333334
93,76,7901.2862,0.1535,1,169,17,1.2236842105263157
92,77,7845.5944,0.1379,1,169,15,1.1948051948051948
91,78,7784.0,1.0,0,169,13,1.1666666666666667
90,79,7716.0,2.0,0,169,11,1.139240506329114
107,63,7963.0,3.0,0,170,44,1.6984126984126984
106,64,8017.0,3.0,0,170,42,1.65625
105,65,8047.0,2.0,0,170,40,1.6153846153846154
104,66,8084.0,1.0,0,170,38,1.5757575757575757
103,67,8093.7902,0.2942,1,170,36,1.537313432835821
102,68,8111.9529,0.0082,1,170,34,1.5
101,69,8105.5144,0.0043,1,170,32,1.463768115942029
100,70,8106.6101,0.0003,1,170,30,1.4285714285714286
99,71,8081.6686,0.0991,1,170,28,1.3943661971830985
98,72,8070.8762,0.1644,1,170,26,1.3611111111111112
97,73,8030.2965,0.1644,1,170,24,1.3287671232876712
96,74,8008.9482,0.0776,1,170,22,1.2972972972972974
95,75,7955.012,0.0672,1,170,20,1.2666666666666666
94,76,7921.1258,0.0574,1,170,18,1.236842105263158
93,77,7853.0,1.0,0,170,16,1.2077922077922079
92,78,7808.2365,0.1073,1,170,14,1.1794871794871795
91,79,7730.0,1.0,0,170,12,1.1518987341772151
90,80,7671.0,2.0,0,170,10,1.125
107,64,7990.0,3.0,0,171,43,1.671875
106,65,8030.0,2.0,0,171,41,1.6307692307692307
105,66,8062.0,1.0,0,171,39,1.5909090909090908
104,67,8083.6021,3.5088,1,171,37,1.5522388059701493
103,68,8097.7404,0.0082,1,171,35,1.5147058823529411
102,69,8101.8931,0.0057,1,171,33,1.4782608695652173
101,70,8097.8826,0.0003,1,171,31,1.4428571428571428
100,71,8084.6621,0.0109,1,171,29,1.408450704225352
99,72,8066.0687,0.1689,1,171,27,1.375
98,73,8039.7914,0.1634,1,171,25,1.3424657534246576
97,74,8008.1158,0.1634,1,171,23,1.3108108108108107
96,75,7969.4131,0.1634,1,171,21,1.28
95,76,7924.1769,0.1067,1,171,19,1.25
94,77,7873.4895,0.2249,1,171,17,1.2207792207792207
93,78,7816.6017,0.4734,1,171,15,1.1923076923076923
92,79,7754.1069,0.1211,1,171,13,1.1645569620253164
91,80,7686.0,2.0,0,171,11,1.1375
108,64,7972.0,2.0,0,172,44,1.6875
107,65,8006.0,3.0,0,172,42,1.646153846153846
106,66,8049.0,2.0,0,172,40,1.606060606060606
105,67,8066.0,1.0,0,172,38,1.5671641791044777
104,68,8090.4052,0.023,1,172,36,1.5294117647058822
103,69,8091.0367,0.0319,1,172,34,1.4927536231884058
102,70,8097.4295,0.0003,1,172,32,1.457142857142857
101,71,8078.2334,0.0136,1,172,30,1.4225352112676057
100,72,8071.7439,0.142,1,172,28,1.3888888888888888
99,73,8037.7056,0.1625,1,172,26,1.356164383561644
98,74,8020.1757,0.1625,1,172,24,1.3243243243243243
97,75,7971.846,0.2068,1,172,22,1.2933333333333332
96,76,7942.1626,0.0742,1,172,20,1.263157894736842
95,77,7880.2637,0.1884,1,172,18,1.2337662337662338
94,78,7839.246,0.0603,1,172,16,1.205128205128205
93,79,7766.1587,0.3265,1,172,14,1.1772151898734178
92,80,7713.6064,0.8725,1,172,12,1.15
108,65,7988.0,3.0,0,173,43,1.6615384615384616
107,66,8026.0,2.0,0,173,41,1.621212121212121
106,67,8054.0,2.0,0,173,39,1.5820895522388059
105,68,8074.0,1.0,0,173,37,1.5441176470588236
104,69,8084.4633,0.0254,1,173,35,1.5072463768115942
103,70,8087.4276,0.0003,1,173,33,1.4714285714285715
102,71,8079.0312,0.0091,1,173,31,1.4366197183098592
101,72,8066.0164,0.1615,1,173,29,1.4027777777777777
100,73,8044.065,0.1615,1,173,27,1.36986301369863
99,74,8018.3337,0.1615,1,173,25,1.337837837837838
98,75,7983.9068,0.1615,1,173,23,1.3066666666666666
97,76,7944.0341,0.0865,1,173,21,1.2763157894736843
96,77,7898.068,0.0609,1,173,19,1.2467532467532467
95,78,7845.3856,0.3667,1,173,17,1.2179487179487178
94,79,7788.2348,0.1317,1,173,15,1.1898734177215189
93,80,7725.0,1.0,0,173,13,1.1625
109,65,7963.0,3.0,0,174,44,1.676923076923077
108,66,8011.0,3.0,0,174,42,1.6363636363636365
107,67,8034.0,2.0,0,174,40,1.5970149253731343
106,68,8064.0,2.0,0,174,38,1.5588235294117647
105,69,8070.6432,0.257,1,174,36,1.5217391304347827
104,70,8083.8481,0.0003,1,174,34,1.4857142857142858
103,71,8071.454,0.009,1,174,32,1.4507042253521127
102,72,8068.5341,0.013,1,174,30,1.4166666666666667
101,73,8040.4528,0.1606,1,174,28,1.3835616438356164
100,74,8027.2572,0.1606,1,174,26,1.3513513513513513
99,75,7985.0944,0.1606,1,174,24,1.32
98,76,7959.4618,0.0589,1,174,22,1.2894736842105263
97,77,7902.0377,0.0645,1,174,20,1.2597402597402598
96,78,7866.1143,0.0594,1,174,18,1.2307692307692308
95,79,7797.0,1.0,0,174,16,1.2025316455696202
94,80,7749.7851,0.1104,1,174,14,1.175
109,66,7986.0,3.0,0,175,43,1.6515151515151516
108,67,8019.0,2.0,0,175,41,1.6119402985074627
107,68,8045.0,2.0,0,175,39,1.5735294117647058
106,69,8061.7673,0.2857,1,175,37,1.536231884057971
105,70,8070.9253,0.0005,1,175,35,1.5
104,71,8069.1412,0.0069,1,175,33,1.4647887323943662
103,72,8060.7625,0.013,1,175,31,1.4305555555555556
102,73,8044.4456,0.1597,1,175,29,1.3972602739726028
101,74,8024.113,0.1597,1,175,27,1.364864864864865
100,75,7994.8168,0.1597,1,175,25,1.3333333333333333
99,76,7960.7294,0.0673,1,175,23,1.3026315789473684
98,77,7917.9112,0.0708,1,175,21,1.2727272727272727
97,78,7869.5216,0.1064,1,175,19,1.2435897435897436
96,79,7817.5939,0.2204,1,175,17,1.2151898734177216
95,80,7759.2134,0.4633,1,175,15,1.1875
110,66,7969.0,3.0,0,176,44,1.6666666666666667
109,67,7997.0,3.0,0,176,42,1.626865671641791
108,68,8034.0,2.0,0,176,40,1.588235294117647
107,69,8045.1214,0.5682,1,176,38,1.5507246376811594
106,70,8064.0853,0.0003,1,176,36,1.5142857142857142
105,71,8059.0209,0.0069,1,176,34,1.4788732394366197
104,72,8061.3604,0.0084,1,176,32,1.4444444444444444
103,73,8038.6706,0.1747,1,176,30,1.4109589041095891
102,74,8030.1131,0.1588,1,176,28,1.3783783783783783
101,75,7993.9707,0.1588,1,176,26,1.3466666666666667
100,76,7972.8681,0.0622,1,176,24,1.3157894736842106
99,77,7921.5522,0.0459,1,176,22,1.2857142857142858
98,78,7888.9934,0.0722,1,176,20,1.2564102564102564
97,79,7825.3837,0.1885,1,176,18,1.2278481012658229
96,80,7782.664,0.0632,1,176,16,1.2
95,81,7707.9383,0.4719,1,176,14,1.1728395061728396
110,67,7980.0,3.0,0,177,43,1.6417910447761195
109,68,8013.0,3.0,0,177,41,1.6029411764705883
108,69,8035.0,1.0,0,177,39,1.565217391304348
107,70,8049.9741,0.0013,1,177,37,1.5285714285714285
106,71,8053.4495,0.0069,1,177,35,1.4929577464788732
105,72,8051.8365,0.008,1,177,33,1.4583333333333333
104,73,8040.8289,0.0187,1,177,31,1.4246575342465753
103,74,8025.0359,0.1579,1,177,29,1.3918918918918919
102,75,8001.2229,0.1579,1,177,27,1.36
101,76,7972.4371,0.0826,1,177,25,1.3289473684210527
100,77,7934.6328,0.1116,1,177,23,1.2987012987012987
99,78,7892.4896,0.0847,1,177,21,1.2692307692307692
98,79,7843.8623,0.0563,1,177,19,1.240506329113924
97,80,7789.8947,0.4787,1,177,17,1.2125
96,81,7732.1655,0.1222,1,177,15,1.1851851851851851
111,67,7957.0,3.0,0,178,44,1.6567164179104477
110,68,7999.0,3.0,0,178,42,1.6176470588235294
109,69,8017.0,2.0,0,178,40,1.5797101449275361
108,70,8042.7386,0.037,1,178,38,1.542857142857143
107,71,8042.0554,0.0127,1,178,36,1.5070422535211268
106,72,8049.4438,0.008,1,178,34,1.4722222222222223
105,73,8035.0,0.0,0,178,32,1.4383561643835616
104,74,8029.2584,0.0854,1,178,30,1.4054054054054055
103,75,7998.1576,0.157,1,178,28,1.3733333333333333
102,76,7981.9128,0.0766,1,178,26,1.3421052631578947
101,77,7936.563,0.1057,1,178,24,1.3116883116883118
100,78,7908.253,0.0569,1,178,22,1.2820512820512822
99,79,7849.3946,0.0576,1,178,20,1.2531645569620253
98,80,7811.3607,0.0604,1,178,18,1.225
97,81,7741.0,1.0,0,178,16,1.1975308641975309
96,82,7690.8359,0.1302,1,178,14,1.170731707317073
111,68,7976.0,3.0,0,179,43,1.6323529411764706
110,69,8004.0,2.0,0,179,41,1.5942028985507246
109,70,8026.0,1.0,0,179,39,1.5571428571428572
108,71,8035.0744,0.0288,1,179,37,1.5211267605633803
107,72,8038.5474,0.0079,1,179,35,1.4861111111111112
106,73,8033.5869,0.0082,1,179,33,1.452054794520548
105,74,8023.2821,0.0814,1,179,31,1.4189189189189189
104,75,8003.7666,0.1376,1,179,29,1.3866666666666667
103,76,7979.4844,0.0866,1,179,27,1.355263157894737
102,77,7947.5248,0.0546,1,179,25,1.3246753246753247
101,78,7910.6759,0.0446,1,179,23,1.294871794871795
100,79,7865.6374,0.0653,1,179,21,1.2658227848101267
99,80,7816.2631,0.1571,1,179,19,1.2375
98,81,7763.4942,0.2159,1,179,17,1.2098765432098766
97,82,7701.463,0.4538,1,179,15,1.1829268292682926
112,68,7960.0,3.0,0,180,44,1.6470588235294117
111,69,7983.0,2.0,0,180,42,1.608695652173913
110,70,8016.0,2.0,0,180,40,1.5714285714285714
109,71,8022.0394,0.3929,1,180,38,1.5352112676056338
108,72,8034.9319,0.0079,1,180,36,1.5
107,73,8025.8864,0.0115,1,180,34,1.4657534246575343
106,74,8025.4434,0.008,1,180,32,1.4324324324324325
105,75,7999.9922,0.1188,1,180,30,1.4
104,76,7987.4171,0.0873,1,180,28,1.368421052631579
103,77,7947.6337,0.1206,1,180,26,1.3376623376623376
102,78,7923.5781,0.0558,1,180,24,1.3076923076923077
101,79,7870.3194,0.0264,1,180,22,1.2784810126582278
100,80,7836.1111,0.0702,1,180,20,1.25
99,81,7771.431,0.3884,1,180,18,1.2222222222222223
98,82,7725.6993,0.0689,1,180,16,1.1951219512195121
112,69,7969.0,3.0,0,181,43,1.6231884057971016
111,70,7996.0,2.0,0,181,41,1.5857142857142856
110,71,8011.9301,0.6948,1,181,39,1.5492957746478873
109,72,8022.003,0.0079,1,181,37,1.5138888888888888
108,73,8023.405,0.0087,1,181,35,1.4794520547945205
107,74,8017.9494,0.008,1,181,33,1.445945945945946
106,75,8004.1434,0.0693,1,181,31,1.4133333333333333
105,76,7983.4263,0.14,1,181,29,1.381578947368421
104,77,7956.5242,0.029,1,181,27,1.3506493506493507
103,78,7924.1271,0.0756,1,181,25,1.3205128205128205
102,79,7883.8359,0.1104,1,181,23,1.2911392405063291
101,80,7839.6792,0.085,1,181,21,1.2625
100,81,7791.9183,0.0503,1,181,19,1.2345679012345678
99,82,7734.0704,0.4698,1,181,17,1.2073170731707317
113,69,7948.0,3.0,0,182,44,1.6376811594202898
112,70,7984.0,2.0,0,182,42,1.6
111,71,7996.0,1.0,0,182,40,1.5633802816901408
110,72,8014.8381,0.0339,1,182,38,1.5277777777777777
109,73,8012.6332,0.0087,1,182,36,1.4931506849315068
108,74,8018.3096,0.0041,1,182,34,1.4594594594594594
107,75,7998.6264,0.5603,1,182,32,1.4266666666666667
106,76,7989.7287,0.1195,1,182,30,1.394736842105263
105,77,7954.8948,0.1152,1,182,28,1.3636363636363635
104,78,7934.7541,0.0719,1,182,26,1.3333333333333333
103,79,7887.2442,0.1031,1,182,24,1.3037974683544304
102,80,7856.9726,0.0538,1,182,22,1.275
101,81,7796.3571,0.0658,1,182,20,1.2469135802469136
100,82,7756.3296,0.0664,1,182,18,1.2195121951219512
113,70,7963.0,2.0,0,183,43,1.6142857142857143
112,71,7984.8125,0.4378,1,183,41,1.5774647887323943
111,72,8000.0315,0.1642,1,183,39,1.5416666666666667
110,73,8006.74,0.0087,1,183,37,1.5068493150684932
109,74,8008.3234,0.0041,1,183,35,1.472972972972973
108,75,8001.0101,0.0439,1,183,33,1.44
107,76,7985.0087,0.272,1,183,31,1.4078947368421053
106,77,7961.8176,0.1348,1,183,29,1.3766233766233766
105,78,7933.3406,0.0777,1,183,27,1.3461538461538463
104,79,7898.5644,0.0515,1,183,25,1.3164556962025316
103,80,7859.3885,0.0387,1,183,23,1.2875
102,81,7815.6741,0.051,1,183,21,1.2592592592592593
101,82,7762.179,0.1584,1,183,19,1.2317073170731707
114,70,7951.0,3.0,0,184,44,1.6285714285714286
113,71,7967.0,1.0,0,184,42,1.591549295774648
112,72,7990.7228,0.2158,1,184,40,1.5555555555555556
111,73,7993.7535,0.1414,1,184,38,1.5205479452054795
110,74,8005.0777,0.004,1,184,36,1.4864864864864864
109,75,7992.7517,0.0232,1,184,34,1.4533333333333334
108,76,7988.6778,0.0045,1,184,32,1.4210526315789473
107,77,7959.1992,0.1519,1,184,30,1.3896103896103895
106,78,7942.5649,0.0801,1,184,28,1.358974358974359
105,79,7900.1947,0.1211,1,184,26,1.3291139240506329
104,80,7874.3454,0.0518,1,184,24,1.3
103,81,7818.6727,0.0544,1,184,22,1.271604938271605
102,82,7782.7264,0.0696,1,184,20,1.2439024390243902
101,83,7712.0,1.0,0,184,18,1.216867469879518
115,70,7929.0,3.0,0,185,45,1.6428571428571428
114,71,7955.0,2.0,0,185,43,1.6056338028169015
113,72,7973.9711,0.3474,1,185,41,1.5694444444444444
112,73,7986.3615,0.0765,1,185,39,1.5342465753424657
111,74,7992.9083,0.004,1,185,37,1.5
110,75,7991.0101,0.0044,1,185,35,1.4666666666666666
109,76,7981.3047,0.0045,1,185,33,1.4342105263157894
108,77,7963.7226,0.1511,1,185,31,1.4025974025974026
107,78,7939.7779,0.1396,1,185,29,1.3717948717948718
106,79,7909.441,0.0141,1,185,27,1.3417721518987342
105,80,7874.5391,0.0737,1,185,25,1.3125
104,81,7835.5756,0.1118,1,185,23,1.2839506172839505
103,82,7786.933,0.0874,1,185,21,1.2560975609756098
102,83,7732.0,0.0,0,185,19,1.2289156626506024
115,71,7936.0,2.0,0,186,44,1.619718309859155
114,72,7964.3032,0.2754,1,186,42,1.5833333333333333
113,73,7971.8357,0.3226,1,186,40,1.547945205479452
112,74,7988.6026,0.0065,1,186,38,1.5135135135135136
111,75,7981.2713,0.0044,1,186,36,1.48
110,76,7982.8324,0.0041,1,186,34,1.4473684210526316
109,77,7958.0473,0.0888,1,186,32,1.4155844155844155
108,78,7946.8094,0.1169,1,186,30,1.3846153846153846
107,79,7909.5409,0.1127,1,186,28,1.3544303797468353
106,80,7888.2605,0.0626,1,186,26,1.325
105,81,7837.5161,0.1116,1,186,24,1.2962962962962963
104,82,7805.342,0.0592,1,186,22,1.2682926829268293
103,83,7739.1175,0.0911,1,186,20,1.2409638554216869
102,84,7695.9488,0.0983,1,186,18,1.2142857142857142
116,71,7923.0,2.0,0,187,45,1.6338028169014085
115,72,7947.0,1.0,0,187,43,1.5972222222222223
114,73,7963.2123,0.2989,1,187,41,1.5616438356164384
113,74,7975.1168,0.0065,1,187,39,1.527027027027027
112,75,7977.9519,0.0039,1,187,37,1.4933333333333334
111,76,7973.7814,0.0039,1,187,35,1.4605263157894737
110,77,7960.6692,0.1494,1,187,33,1.4285714285714286
109,78,7941.1699,0.1287,1,187,31,1.3974358974358974
108,79,7917.4323,0.1203,1,187,29,1.3670886075949367
107,80,7886.9905,0.0688,1,187,27,1.3375
106,81,7852.465,0.043,1,187,25,1.308641975308642
105,82,7808.401,0.0272,1,187,23,1.2804878048780488
104,83,7758.2083,0.0535,1,187,21,1.2530120481927711
103,84,7704.7889,0.1745,1,187,19,1.2261904761904763
117,71,7903.0,2.0,0,188,46,1.647887323943662
116,72,7936.0,2.0,0,188,44,1.6111111111111112
115,73,7948.0,1.0,0,188,42,1.5753424657534247
114,74,7969.0532,0.0164,1,188,40,1.5405405405405406
113,75,7966.7481,0.0039,1,188,38,1.5066666666666666
112,76,7973.8656,0.0039,1,188,36,1.4736842105263157
111,77,7954.8512,0.0501,1,188,34,1.4415584415584415
110,78,7947.9027,0.0282,1,188,32,1.4102564102564104
109,79,7914.7537,0.0144,1,188,30,1.379746835443038
108,80,7899.034,0.0361,1,188,28,1.35
107,81,7853.0537,0.1591,1,188,26,1.3209876543209877
106,82,7824.8211,0.0539,1,188,24,1.2926829268292683
105,83,7764.1904,0.0595,1,188,22,1.2650602409638554
104,84,7724.6544,0.1062,1,188,20,1.2380952380952381
117,72,7917.0,2.0,0,189,45,1.625
116,73,7938.0,1.0,0,189,43,1.5890410958904109
115,74,7954.0,1.0,0,189,41,1.554054054054054
114,75,7961.8105,0.0433,1,189,39,1.52
113,76,7963.0029,0.0035,1,189,37,1.486842105263158
112,77,7956.0214,0.0665,1,189,35,1.4545454545454546
111,78,7941.4045,0.0534,1,189,33,1.4230769230769231
110,79,7921.9876,0.1063,1,189,31,1.3924050632911393
109,80,7896.9192,0.1669,1,189,29,1.3625
108,81,7866.2704,0.0443,1,189,27,1.3333333333333333
107,82,7826.2999,0.0744,1,189,25,1.3048780487804879
106,83,7780.9999,0.1103,1,189,23,1.2771084337349397
105,84,7731.1321,0.1167,1,189,21,1.25
118,72,7905.0,2.0,0,190,46,1.6388888888888888
117,73,7922.0,1.0,0,190,44,1.6027397260273972
116,74,7947.5031,0.1863,1,190,42,1.5675675675675675
115,75,7949.7759,0.0256,1,190,40,1.5333333333333334
114,76,7962.1047,0.0034,1,190,38,1.5
113,77,7947.7017,0.0072,1,190,36,1.4675324675324675
112,78,7946.4941,0.0035,1,190,34,1.435897435897436
111,79,7918.8345,0.0181,1,190,32,1.4050632911392404
110,80,7907.0174,0.0837,1,190,30,1.375
109,81,7866.0345,0.0382,1,190,28,1.345679012345679
108,82,7841.1294,0.0659,1,190,26,1.3170731707317074
107,83,7785.3239,0.1104,1,190,24,1.2891566265060241
106,84,7749.4526,0.0693,1,190,22,1.2619047619047619
118,73,7911.0,2.0,0,191,45,1.6164383561643836
117,74,7931.4359,0.2195,1,191,43,1.5810810810810811
116,75,7943.9588,0.0537,1,191,41,1.5466666666666666
115,76,7950.5687,0.0035,1,191,39,1.513157894736842
114,77,7948.1144,0.0069,1,191,37,1.4805194805194806
113,78,7938.7279,0.0216,1,191,35,1.4487179487179487
112,79,7924.6819,0.0258,1,191,33,1.4177215189873418
111,80,7903.8002,0.1167,1,191,31,1.3875
110,81,7877.1445,0.0385,1,191,29,1.3580246913580247
109,82,7841.6782,0.0346,1,191,27,1.329268292682927
108,83,7800.6613,0.0392,1,191,25,1.3012048192771084
107,84,7753.7871,0.0372,1,191,23,1.2738095238095237
106,85,7702.9233,0.0843,1,191,21,1.2470588235294118
119,73,7894.0,2.0,0,192,46,1.63013698630137
118,74,7924.0,1.0,0,192,44,1.5945945945945945
117,75,7930.2389,0.3687,1,192,42,1.56
116,76,7948.526,0.0121,1,192,40,1.5263157894736843
115,77,7938.9999,0.0068,1,192,38,1.4935064935064934
114,78,7942.4923,0.0134,1,192,36,1.4615384615384615
113,79,7920.1033,0.0824,1,192,34,1.4303797468354431
112,80,7912.0666,0.0809,1,192,32,1.4
111,81,7876.0167,0.165,1,192,30,1.3703703703703705
110,82,7854.6482,0.0298,1,192,28,1.3414634146341464
109,83,7803.6084,0.1568,1,192,26,1.3132530120481927
108,84,7771.0542,0.0554,1,192,24,1.2857142857142858
107,85,7709.7283,0.1452,1,192,22,1.2588235294117647
120,73,7883.0,2.0,0,193,47,1.643835616438356
119,74,7907.0,1.0,0,193,45,1.6081081081081081
118,75,7923.9378,0.2027,1,193,43,1.5733333333333333
117,76,7936.2716,0.012,1,193,41,1.5394736842105263
116,77,7938.1346,0.0069,1,193,39,1.5064935064935066
115,78,7933.7875,0.007,1,193,37,1.4743589743589745
114,79,7924.1648,0.0449,1,193,35,1.4430379746835442
113,80,7907.973,0.0803,1,193,33,1.4125
112,81,7885.3445,0.0348,1,193,31,1.382716049382716
111,82,7854.0994,0.0533,1,193,29,1.353658536585366
110,83,7817.1718,0.0393,1,193,27,1.3253012048192772
109,84,7773.951,0.0753,1,193,25,1.2976190476190477
108,85,7727.1099,0.1121,1,193,23,1.2705882352941176
107,86,7675.853,0.1301,1,193,21,1.244186046511628
121,73,7865.0,3.0,0,194,48,1.6575342465753424
120,74,7899.0,2.0,0,194,46,1.6216216216216217
119,75,7909.0,1.0,0,194,44,1.5866666666666667
118,76,7932.0232,0.0124,1,194,42,1.5526315789473684
117,77,7928.4885,0.0069,1,194,40,1.5194805194805194
116,78,7935.942,0.0026,1,194,38,1.4871794871794872
115,79,7918.7744,0.0109,1,194,36,1.4556962025316456
114,80,7914.5974,0.0149,1,194,34,1.425
113,81,7883.5211,0.072,1,194,32,1.3950617283950617
112,82,7865.4181,0.0899,1,194,30,1.3658536585365855
111,83,7819.1955,0.0271,1,194,28,1.3373493975903614
110,84,7789.2947,0.0666,1,194,26,1.3095238095238095
109,85,7732.2304,0.1211,1,194,24,1.2823529411764707
108,86,7694.9961,0.0859,1,194,22,1.255813953488372
121,74,7881.0,2.0,0,195,47,1.635135135135135
120,75,7901.0,2.0,0,195,45,1.6
119,76,7917.7449,0.2866,1,195,43,1.5657894736842106
118,77,7924.916,0.0068,1,195,41,1.5324675324675325
117,78,7926.553,0.0026,1,195,39,1.5
116,79,7921.3778,0.0057,1,195,37,1.4683544303797469
115,80,7909.398,0.1187,1,195,35,1.4375
114,81,7890.7293,0.0571,1,195,33,1.4074074074074074
113,82,7864.0647,0.0261,1,195,31,1.3780487804878048
112,83,7830.7579,0.0271,1,195,29,1.3493975903614457
111,84,7791.3155,0.031,1,195,27,1.3214285714285714
110,85,7748.0914,0.0491,1,195,25,1.2941176470588236
109,86,7700.3841,0.2651,1,195,23,1.2674418604651163
122,74,7872.0,2.0,0,196,48,1.6486486486486487
121,75,7886.0,2.0,0,196,46,1.6133333333333333
120,76,7912.2301,0.2044,1,196,44,1.5789473684210527
119,77,7914.1487,0.196,1,196,42,1.5454545454545454
118,78,7926.5297,0.0026,1,196,40,1.5128205128205128
117,79,7914.8553,0.0151,1,196,38,1.481012658227848
116,80,7914.37,0.015,1,196,36,1.45
115,81,7888.29,0.0618,1,196,34,1.4197530864197532
114,82,7873.3374,0.0393,1,196,32,1.3902439024390243
113,83,7831.9009,0.1246,1,196,30,1.3614457831325302
112,84,7804.7445,0.0275,1,196,28,1.3333333333333333
111,85,7752.0001,0.1543,1,196,26,1.3058823529411765
110,86,7717.966,0.0717,1,196,24,1.2790697674418605
123,74,7853.0,2.0,0,197,49,1.662162162162162
122,75,7877.0,2.0,0,197,47,1.6266666666666667
121,76,7897.0,1.0,0,197,45,1.5921052631578947
120,77,7909.0003,0.1021,1,197,43,1.5584415584415585
119,78,7915.9714,0.0027,1,197,41,1.5256410256410255
118,79,7915.6548,0.0028,1,197,39,1.4936708860759493
117,80,7908.6402,0.0163,1,197,37,1.4625
116,81,7893.5725,0.0689,1,197,35,1.4320987654320987
115,82,7871.2822,0.0244,1,197,33,1.4024390243902438
114,83,7841.6348,0.0423,1,197,31,1.3734939759036144
113,84,7805.7136,0.0501,1,197,29,1.3452380952380953
112,85,7766.0174,0.0405,1,197,27,1.3176470588235294
111,86,7722.119,0.0822,1,197,25,1.2906976744186047
110,87,7673.764,0.2865,1,197,23,1.264367816091954
123,75,7861.0,2.0,0,198,48,1.64
122,76,7890.0,1.0,0,198,46,1.605263157894737
121,77,7897.0,1.0,0,198,44,1.5714285714285714
120,78,7914.1512,0.0106,1,198,42,1.5384615384615385
119,79,7908.5675,0.0027,1,198,40,1.5063291139240507
118,80,7911.5532,0.0023,1,198,38,1.475
117,81,7890.3011,0.0381,1,198,36,1.4444444444444444
116,82,7878.9695,0.0442,1,198,34,1.4146341463414633
115,83,7841.2123,0.1392,1,198,32,1.3855421686746987
114,84,7817.5611,0.088,1,198,30,1.3571428571428572
113,85,7769.3446,0.0248,1,198,28,1.3294117647058823
112,86,7737.7245,0.0678,1,198,26,1.302325581395349
111,87,7679.1873,0.1572,1,198,24,1.2758620689655173
124,75,7850.0,2.0,0,199,49,1.6533333333333333
123,76,7874.0,1.0,0,199,47,1.618421052631579
122,77,7891.2066,0.2063,1,199,45,1.5844155844155845
121,78,7902.3011,0.0109,1,199,43,1.5512820512820513
120,79,7906.9379,0.0027,1,199,41,1.518987341772152
119,80,7905.2794,0.0027,1,199,39,1.4875
118,81,7893.8773,0.1404,1,199,37,1.4567901234567902
117,82,7875.7366,0.0343,1,199,35,1.4268292682926829
116,83,7849.5232,0.0533,1,199,33,1.3975903614457832
115,84,7817.6582,0.0273,1,199,31,1.369047619047619
114,85,7781.4883,0.0271,1,199,29,1.3411764705882352
113,86,7741.0568,0.0367,1,199,27,1.313953488372093
112,87,7695.2599,0.069,1,199,25,1.2873563218390804
124,76,7867.0,1.0,0,200,48,1.631578947368421
123,77,7878.0,1.0,0,200,46,1.5974025974025974
122,78,7899.1986,0.1006,1,200,44,1.564102564102564
121,79,7898.4915,0.1336,1,200,42,1.5316455696202531
120,80,7905.8956,0.0027,1,200,40,1.5
119,81,7889.7037,0.0288,1,200,38,1.4691358024691359
118,82,7881.8101,0.05,1,200,36,1.4390243902439024
117,83,7848.4969,0.1135,1,200,34,1.4096385542168675
116,84,7827.4407,0.0379,1,200,32,1.380952380952381
115,85,7783.7601,0.1223,1,200,30,1.3529411764705883
114,86,7754.9111,0.029,1,200,28,1.3255813953488371
113,87,7700.3292,0.1526,1,200,26,1.2988505747126438
125,76,7849.0,1.0,0,201,49,1.644736842105263
124,77,7870.0,1.0,0,201,47,1.6103896103896105
123,78,7885.8337,0.2493,1,201,45,1.5769230769230769
122,79,7895.1752,0.016,1,201,43,1.5443037974683544
121,80,7897.5607,0.0036,1,201,41,1.5125
120,81,7891.2717,0.0706,1,201,39,1.4814814814814814
119,82,7877.8782,0.0684,1,201,37,1.451219512195122
118,83,7854.8713,0.0606,1,201,35,1.4216867469879517
117,84,7826.5619,0.0246,1,201,33,1.3928571428571428
116,85,7794.1536,0.0407,1,201,31,1.3647058823529412
115,86,7757.0174,0.0504,1,201,29,1.3372093023255813
114,87,7714.8367,0.0452,1,201,27,1.3103448275862069
113,88,7669.4108,0.101,1,201,25,1.2840909090909092
126,76,7839.0,2.0,0,202,50,1.6578947368421053
125,77,7855.0,1.0,0,202,48,1.6233766233766234
124,78,7881.5609,0.1245,1,202,46,1.5897435897435896
123,79,7885.91,0.1153,1,202,44,1.5569620253164558
122,80,7896.8505,0.0035,1,202,42,1.525
121,81,7886.2206,0.0091,1,202,40,1.4938271604938271
120,82,7882.1505,0.0188,1,202,38,1.4634146341463414
119,83,7852.5857,0.0693,1,202,36,1.4337349397590362
118,84,7834.8053,0.0429,1,202,34,1.4047619047619047
117,85,7794.5637,0.1366,1,202,32,1.3764705882352941
116,86,7769.3018,0.0867,1,202,30,1.3488372093023255
115,87,7719.0125,0.0299,1,202,28,1.3218390804597702
114,88,7685.5684,0.0743,1,202,26,1.2954545454545454
127,76,7814.0,2.0,0,203,51,1.6710526315789473
126,77,7845.0,2.0,0,203,49,1.6363636363636365
125,78,7867.0,1.0,0,203,47,1.6025641025641026
124,79,7880.865,0.0152,1,203,45,1.5696202531645569
123,80,7887.4828,0.008,1,203,43,1.5375
122,81,7886.053,0.0058,1,203,41,1.5061728395061729
121,82,7877.397,0.0323,1,203,39,1.475609756097561
120,83,7857.4762,0.0629,1,203,37,1.4457831325301205
119,84,7832.8632,0.0229,1,203,35,1.4166666666666667
118,85,7803.6487,0.0523,1,203,33,1.388235294117647
117,86,7770.3437,0.0286,1,203,31,1.3604651162790697
116,87,7731.7092,0.0307,1,203,29,1.3333333333333333
115,88,7689.8015,0.0477,1,203,27,1.3068181818181819
127,77,7823.0,2.0,0,204,50,1.6493506493506493
126,78,7859.0,1.0,0,204,48,1.6153846153846154
125,79,7868.0,1.0,0,204,46,1.5822784810126582
124,80,7885.5455,0.0025,1,204,44,1.55
123,81,7880.0238,0.0057,1,204,42,1.5185185185185186
122,82,7879.9326,0.0056,1,204,40,1.4878048780487805
121,83,7854.2157,0.045,1,204,38,1.4578313253012047
120,84,7839.0823,0.0494,1,204,36,1.4285714285714286
119,85,7803.5522,0.1111,1,204,34,1.4
118,86,7780.5743,0.0365,1,204,32,1.372093023255814
117,87,7734.6931,0.1205,1,204,30,1.3448275862068966
116,88,7704.1238,0.0437,1,204,28,1.3181818181818181
128,77,7805.0,2.0,0,205,51,1.6623376623376624
127,78,7836.0,1.0,0,205,49,1.6282051282051282
126,79,7860.0,1.0,0,205,47,1.5949367088607596
125,80,7874.7325,0.0178,1,205,45,1.5625
124,81,7878.3946,0.006,1,205,43,1.5308641975308641
123,82,7874.3313,0.0056,1,205,41,1.5
122,83,7857.3218,0.0235,1,205,39,1.4698795180722892
121,84,7836.2168,0.0491,1,205,37,1.4404761904761905
120,85,7810.2694,0.0588,1,205,35,1.411764705882353
119,86,7780.7226,0.0248,1,205,33,1.3837209302325582
118,87,7745.687,0.0382,1,205,31,1.3563218390804597
117,88,7707.1698,0.1111,1,205,29,1.3295454545454546
116,89,7662.8519,0.2894,1,205,27,1.303370786516854
128,78,7820.0,1.0,0,206,50,1.641025641025641
127,79,7840.0,1.0,0,206,48,1.6075949367088607
126,80,7869.1723,0.0992,1,206,46,1.575
125,81,7871.7219,0.0062,1,206,44,1.5432098765432098
124,82,7875.362,0.0056,1,206,42,1.5121951219512195
123,83,7853.3249,0.0371,1,206,40,1.4819277108433735
122,84,7840.5973,0.0195,1,206,38,1.4523809523809523
121,85,7808.8904,0.0657,1,206,36,1.423529411764706
120,86,7789.0417,0.0417,1,206,34,1.3953488372093024
119,87,7746.9621,0.135,1,206,32,1.367816091954023
118,88,7719.8028,0.0874,1,206,30,1.3409090909090908
117,89,7667.8538,0.316,1,206,28,1.3146067415730338
129,78,7797.0,2.0,0,207,51,1.6538461538461537
128,79,7824.0,1.0,0,207,49,1.620253164556962
127,80,7848.6112,0.144,1,207,47,1.5875
126,81,7866.7979,0.0263,1,207,45,1.5555555555555556
125,82,7869.8664,0.0055,1,207,43,1.524390243902439
124,83,7854.5053,0.0116,1,207,41,1.4939759036144578
123,84,7836.6734,0.0322,1,207,39,1.4642857142857142
122,85,7813.9653,0.0599,1,207,37,1.4352941176470588
121,86,7787.9987,0.0229,1,207,35,1.4069767441860466
120,87,7756.2689,0.0848,1,207,33,1.3793103448275863
119,88,7721.7503,0.2816,1,207,31,1.3522727272727273
118,89,7681.1001,0.2717,1,207,29,1.3258426966292134
130,78,7780.0,2.0,0,208,52,1.6666666666666667
129,79,7803.0,1.0,0,208,50,1.6329113924050633
128,80,7834.1914,0.1478,1,208,48,1.6
127,81,7847.1835,0.0089,1,208,46,1.5679012345679013
126,82,7867.453,0.0055,1,208,44,1.5365853658536586
125,83,7849.8534,0.0111,1,208,42,1.5060240963855422
124,84,7839.3568,0.008,1,208,40,1.4761904761904763
123,85,7811.5604,0.0429,1,208,38,1.4470588235294117
122,86,7794.2678,0.0489,1,208,36,1.4186046511627908
121,87,7756.8985,0.056,1,208,34,1.3908045977011494
120,88,7732.0177,0.0434,1,208,32,1.3636363636363635
119,89,7684.8289,0.31,1,208,30,1.3370786516853932
118,90,7652.5716,0.1532,1,208,28,1.3111111111111111
130,79,7786.0,2.0,0,209,51,1.6455696202531647
129,80,7813.0,1.0,0,209,49,1.6125
128,81,7833.3979,0.0292,1,209,47,1.5802469135802468
127,82,7848.6488,0.0084,1,209,45,1.548780487804878
126,83,7847.9869,0.0065,1,209,43,1.5180722891566265
125,84,7835.1882,0.0085,1,209,41,1.4880952380952381
124,85,7814.7835,0.0227,1,209,39,1.4588235294117646
123,86,7792.1755,0.0477,1,209,37,1.430232558139535
122,87,7763.7485,0.055,1,209,35,1.4022988505747127
121,88,7733.0177,0.0275,1,209,33,1.375
120,89,7695.8455,0.2672,1,209,31,1.348314606741573
119,90,7656.0,0.0,0,209,29,1.3222222222222222
131,79,7764.0,2.0,0,210,52,1.6582278481012658
130,80,7799.0,1.0,0,210,50,1.625
129,81,7813.589,0.0553,1,210,48,1.5925925925925926
128,82,7835.9656,0.0069,1,210,46,1.5609756097560976
127,83,7832.5424,0.0065,1,210,44,1.5301204819277108
126,84,7834.3462,0.0055,1,210,42,1.5
125,85,7811.6638,0.0366,1,210,40,1.4705882352941178
124,86,7796.6653,0.0217,1,210,38,1.441860465116279
123,87,7763.1243,0.0639,1,210,36,1.4137931034482758
122,88,7741.3687,0.0438,1,210,34,1.3863636363636365
121,89,7698.0182,0.2962,1,210,32,1.3595505617977528
120,90,7669.0764,0.09,1,210,30,1.3333333333333333
131,80,7777.0,1.0,0,211,51,1.6375
130,81,7799.7915,0.1987,1,211,49,1.6049382716049383
129,82,7817.0079,0.0107,1,211,47,1.5731707317073171
128,83,7819.7745,0.0258,1,211,45,1.5421686746987953
127,84,7818.7842,0.006,1,211,43,1.5119047619047619
126,85,7811.3545,0.0129,1,211,41,1.4823529411764707
125,86,7793.9412,0.0323,1,211,39,1.4534883720930232
124,87,7768.3613,0.0568,1,211,37,1.4252873563218391
123,88,7741.0887,0.0235,1,211,35,1.3977272727272727
122,89,7707.468,0.2548,1,211,33,1.3707865168539326
121,90,7671.8506,0.4079,1,211,31,1.3444444444444446
120,91,7629.3948,0.3293,1,211,29,1.3186813186813187
132,80,7762.0,1.0,0,212,52,1.65
131,81,7780.0,1.0,0,212,50,1.617283950617284
130,82,7804.3203,0.0087,1,212,48,1.5853658536585367
129,83,7803.314,0.0087,1,212,46,1.5542168674698795
128,84,7810.2438,0.0054,1,212,44,1.5238095238095237
127,85,7798.34,0.0113,1,212,42,1.4941176470588236
126,86,7794.7963,0.0147,1,212,40,1.4651162790697674
125,87,7766.8455,0.0414,1,212,38,1.4367816091954022
124,88,7747.5078,0.0484,1,212,36,1.4090909090909092
123,89,7708.4479,0.1032,1,212,34,1.3820224719101124
122,90,7682.0628,0.0477,1,212,32,1.3555555555555556
121,91,7633.6289,0.4132,1,212,30,1.3296703296703296
133,80,7739.0,1.0,0,213,53,1.6625
132,81,7765.4311,0.1268,1,213,51,1.6296296296296295
131,82,7785.1732,0.0326,1,213,49,1.5975609756097562
130,83,7791.0217,0.0239,1,213,47,1.5662650602409638
129,84,7794.024,0.0143,1,213,45,1.5357142857142858
128,85,7790.0036,0.023,1,213,43,1.5058823529411764
127,86,7782.1824,0.0158,1,213,41,1.4767441860465116
126,87,7768.4543,0.0221,1,213,39,1.4482758620689655
125,88,7746.4726,0.0461,1,213,37,1.4204545454545454
124,89,7715.5908,0.0548,1,213,35,1.3932584269662922
123,90,7683.847,0.0433,1,213,33,1.3666666666666667
122,91,7644.8027,0.2684,1,213,31,1.3406593406593406
134,80,7724.0,2.0,0,214,54,1.675
133,81,7745.0,1.0,0,214,52,1.6419753086419753
132,82,7772.3955,0.0092,1,214,50,1.6097560975609757
131,83,7773.4955,0.0524,1,214,48,1.5783132530120483
130,84,7785.1163,0.0068,1,214,46,1.5476190476190477
129,85,7776.3632,0.0186,1,214,44,1.5176470588235293
128,86,7777.1023,0.0429,1,214,42,1.4883720930232558
127,87,7757.7393,0.0398,1,214,40,1.4597701149425288
126,88,7749.1719,0.0245,1,214,38,1.4318181818181819
125,89,7715.8874,0.0633,1,214,36,1.404494382022472
124,90,7692.3173,0.0498,1,214,34,1.3777777777777778
123,91,7647.7037,0.3795,1,214,32,1.3516483516483517
135,80,7701.0,2.0,0,215,55,1.6875
134,81,7730.0,1.0,0,215,53,1.654320987654321
133,82,7752.7381,0.245,1,215,51,1.6219512195121952
132,83,7761.7177,0.0262,1,215,49,1.5903614457831325
131,84,7768.1768,0.0099,1,215,47,1.5595238095238095
130,85,7767.8627,0.0308,1,215,45,1.5294117647058822
129,86,7763.8164,0.0283,1,215,43,1.5
128,87,7753.2607,0.0329,1,215,41,1.471264367816092
127,88,7739.3249,0.0335,1,215,39,1.4431818181818181
126,89,7719.4137,0.0577,1,215,37,1.4157303370786516
125,90,7693.0266,0.0295,1,215,35,1.3888888888888888
124,91,7657.3733,0.3835,1,215,33,1.3626373626373627
123,92,7620.7821,0.4844,1,215,31,1.3369565217391304
136,80,7685.0,2.0,0,216,56,1.7
135,81,7709.0,1.0,0,216,54,1.6666666666666667
134,82,7740.0,1.0,0,216,52,1.6341463414634145
133,83,7743.4996,0.0518,1,216,50,1.6024096385542168
132,84,7758.8205,0.0084,1,216,48,1.5714285714285714
131,85,7753.0024,0.0166,1,216,46,1.5411764705882354
130,86,7758.6553,0.0267,1,216,44,1.5116279069767442
129,87,7742.4513,0.0193,1,216,42,1.4827586206896552
128,88,7737.3458,0.0371,1,216,40,1.4545454545454546
127,89,7711.2319,0.0427,1,216,38,1.4269662921348314
126,90,7697.6617,0.0514,1,216,36,1.4
125,91,7659.2006,0.1141,1,216,34,1.3736263736263736
124,92,7631.3072,0.1301,1,216,32,1.3478260869565217
136,81,7693.0,2.0,0,217,55,1.6790123456790123
135,82,7719.0,1.0,0,217,53,1.646341463414634
134,83,7731.8491,0.0816,1,217,51,1.6144578313253013
133,84,7741.3614,0.0302,1,217,49,1.5833333333333333
132,85,7744.6172,0.023,1,217,47,1.5529411764705883
131,86,7744.4037,0.0193,1,217,45,1.5232558139534884
130,87,7737.775,0.0301,1,217,43,1.4942528735632183
129,88,7726.9122,0.0325,1,217,41,1.4659090909090908
128,89,7710.3448,0.0517,1,217,39,1.4382022471910112
127,90,7690.5945,0.0489,1,217,37,1.4111111111111112
126,91,7664.6438,0.0576,1,217,35,1.3846153846153846
125,92,7634.0,0.0,0,217,33,1.358695652173913
137,81,7672.0,2.0,0,218,56,1.691358024691358
136,82,7705.0,1.0,0,218,54,1.6585365853658536
135,83,7712.828,0.1239,1,218,52,1.6265060240963856
134,84,7731.53,0.009,1,218,50,1.5952380952380953
133,85,7729.1175,0.0528,1,218,48,1.5647058823529412
132,86,7738.7527,0.0106,1,218,46,1.5348837209302326
131,87,7726.7143,0.0194,1,218,44,1.5057471264367817
130,88,7725.0241,0.045,1,218,42,1.4772727272727273
129,89,7702.145,0.2643,1,218,40,1.449438202247191
128,90,7691.6026,0.0482,1,218,38,1.4222222222222223
127,91,7659.1935,0.0819,1,218,36,1.3956043956043955
126,92,7640.7191,0.0629,1,218,34,1.3695652173913044
137,82,7684.0,2.0,0,219,55,1.670731707317073
136,83,7700.0,1.0,0,219,53,1.6385542168674698
135,84,7713.334,0.0723,1,219,51,1.6071428571428572
134,85,7720.197,0.0148,1,219,49,1.576470588235294
133,86,7723.7784,0.0096,1,219,47,1.5465116279069768
132,87,7721.1759,0.0314,1,219,45,1.5172413793103448
131,88,7714.056,0.0311,1,219,43,1.4886363636363635
130,89,7700.5489,0.2351,1,219,41,1.4606741573033708
129,90,7683.7655,0.2578,1,219,39,1.4333333333333333
128,91,7661.3783,0.3183,1,219,37,1.4065934065934067
127,92,7636.2867,0.0609,1,219,35,1.3804347826086956
126,93,7604.6732,0.4199,1,219,33,1.3548387096774193
138,82,7670.0,2.0,0,220,56,1.6829268292682926
137,83,7681.0,1.0,0,220,54,1.6506024096385543
136,84,7703.2244,0.0804,1,220,52,1.619047619047619
135,85,7703.7033,0.0635,1,220,50,1.588235294117647
134,86,7717.2552,0.0082,1,220,48,1.558139534883721
133,87,7709.743,0.0183,1,220,46,1.528735632183908
132,88,7711.6879,0.0345,1,220,44,1.5
131,89,7692.3515,0.0279,1,220,42,1.4719101123595506
130,90,7684.4964,0.0622,1,220,40,1.4444444444444444
129,91,7655.5364,0.0666,1,220,38,1.4175824175824177
128,92,7640.0,0.0,0,220,36,1.391304347826087
127,93,7602.0758,0.1396,1,220,34,1.3655913978494623
138,83,7668.0,1.0,0,221,55,1.6626506024096386
137,84,7684.4814,0.0885,1,221,53,1.630952380952381
136,85,7694.4754,0.0632,1,221,51,1.6
135,86,7701.3941,0.0259,1,221,49,1.569767441860465
134,87,7703.2572,0.0221,1,221,47,1.5402298850574712
133,88,7701.1352,0.021,1,221,45,1.5113636363636365
132,89,7690.5039,0.2575,1,221,43,1.4831460674157304
131,90,7676.064,0.0362,1,221,41,1.4555555555555555
130,91,7656.9809,0.2687,1,221,39,1.4285714285714286
129,92,7634.6849,0.3264,1,221,37,1.4021739130434783
128,93,7607.0,1.0,0,221,35,1.3763440860215055
127,94,7576.0,1.0,0,221,33,1.351063829787234
139,83,7648.0,1.0,0,222,56,1.6746987951807228
138,84,7674.0054,0.1804,1,222,54,1.6428571428571428
137,85,7677.3878,0.0713,1,222,52,1.611764705882353
136,86,7694.4991,0.0088,1,222,50,1.5813953488372092
135,87,7690.9474,0.0336,1,222,48,1.5517241379310345
134,88,7696.6931,0.0201,1,222,46,1.5227272727272727
133,89,7682.8015,0.0212,1,222,44,1.4943820224719102
132,90,7676.6592,0.046,1,222,42,1.4666666666666666
131,91,7651.2373,0.3901,1,222,40,1.4395604395604396
130,92,7637.7651,0.2342,1,222,38,1.4130434782608696
129,93,7602.7013,0.1714,1,222,36,1.3870967741935485
128,94,7582.0,1.0,0,222,34,1.3617021276595744
140,83,7636.0,2.0,0,223,57,1.6867469879518073
139,84,7655.0,1.0,0,223,55,1.6547619047619047
138,85,7668.0557,0.0627,1,223,53,1.6235294117647059
137,86,7678.172,0.0351,1,223,51,1.5930232558139534
136,87,7683.6655,0.0087,1,223,49,1.5632183908045978
135,88,7685.3101,0.0094,1,223,47,1.5340909090909092
134,89,7679.1479,0.0312,1,223,45,1.5056179775280898
133,90,7668.6426,0.0356,1,223,43,1.4777777777777779
132,91,7651.8957,0.3392,1,223,41,1.4505494505494505
131,92,7631.7611,0.2648,1,223,39,1.423913043478261
130,93,7607.5654,0.3716,1,223,37,1.3978494623655915
129,94,7580.0,1.0,0,223,35,1.372340425531915
128,95,7547.0,1.0,0,223,33,1.3473684210526315
141,83,7616.0,2.0,0,224,58,1.6987951807228916
140,84,7644.0,1.0,0,224,56,1.6666666666666667
139,85,7650.7354,0.0998,1,224,54,1.6352941176470588
138,86,7670.7514,0.0438,1,224,52,1.6046511627906976
137,87,7670.368,0.0499,1,224,50,1.5747126436781609
136,88,7679.9236,0.0081,1,224,48,1.5454545454545454
135,89,7670.1438,0.0183,1,224,46,1.5168539325842696
134,90,7667.7162,0.0429,1,224,44,1.488888888888889
133,91,7646.9612,0.0339,1,224,42,1.4615384615384615
132,92,7635.0742,0.0681,1,224,40,1.434782608695652
131,93,7603.5032,0.1291,1,224,38,1.4086021505376345
130,94,7586.0,1.0,0,224,36,1.3829787234042554
129,95,7546.0,2.0,0,224,34,1.3578947368421053
141,84,7626.0,1.0,0,225,57,1.6785714285714286
140,85,7641.0,1.0,0,225,55,1.6470588235294117
139,86,7654.3581,0.0495,1,225,53,1.6162790697674418
138,87,7662.9412,0.0532,1,225,51,1.5862068965517242
137,88,7667.5866,0.0115,1,225,49,1.5568181818181819
136,89,7665.6906,0.0211,1,225,47,1.5280898876404494
135,90,7659.2229,0.0226,1,225,45,1.5
134,91,7646.6504,0.3639,1,225,43,1.4725274725274726
133,92,7629.7717,0.0442,1,225,41,1.4456521739130435
132,93,7607.4231,0.4072,1,225,39,1.4193548387096775
131,94,7583.0,1.0,0,225,37,1.3936170212765957
130,95,7553.0,2.0,0,225,35,1.368421052631579
142,84,7614.0,2.0,0,226,58,1.6904761904761905
141,85,7624.0,1.0,0,226,56,1.6588235294117648
140,86,7646.4108,0.0464,1,226,54,1.627906976744186
139,87,7648.3768,0.0276,1,226,52,1.5977011494252873
138,88,7661.9636,0.0085,1,226,50,1.5681818181818181
137,89,7655.6628,0.0137,1,226,48,1.5393258426966292
136,90,7657.1195,0.0198,1,226,46,1.511111111111111
135,91,7641.1093,0.0496,1,226,44,1.4835164835164836
134,92,7631.9166,0.049,1,226,42,1.4565217391304348
133,93,7604.1714,0.4516,1,226,40,1.4301075268817205
132,94,7588.0,1.0,0,226,38,1.4042553191489362
131,95,7552.0,1.0,0,226,36,1.3789473684210527
143,84,7596.0,2.0,0,227,59,1.7023809523809523
142,85,7613.0,1.0,0,227,57,1.6705882352941177
141,86,7630.0508,0.0621,1,227,55,1.6395348837209303
140,87,7640.7162,0.026,1,227,53,1.6091954022988506
139,88,7648.3048,0.0086,1,227,51,1.5795454545454546
138,89,7650.7084,0.0085,1,227,49,1.550561797752809
137,90,7647.4591,0.0092,1,227,47,1.5222222222222221
136,91,7639.4945,0.032,1,227,45,1.4945054945054945
135,92,7626.2918,0.0375,1,227,43,1.4673913043478262
134,93,7607.2771,0.3392,1,227,41,1.4408602150537635
133,94,7585.0,0.0,0,227,39,1.4148936170212767
132,95,7558.0,1.0,0,227,37,1.3894736842105264
143,85,7596.0,2.0,0,228,58,1.6823529411764706
142,86,7621.6457,0.0775,1,228,56,1.6511627906976745
141,87,7626.3689,0.0295,1,228,54,1.6206896551724137
140,88,7642.4289,0.0088,1,228,52,1.5909090909090908
139,89,7639.1973,0.0092,1,228,50,1.5617977528089888
138,90,7645.0807,0.0079,1,228,48,1.5333333333333334
137,91,7632.2076,0.019,1,228,46,1.5054945054945055
136,92,7627.4763,0.0591,1,228,44,1.4782608695652173
135,93,7604.0,0.0,0,228,42,1.4516129032258065
134,94,7590.4039,0.1024,1,228,40,1.425531914893617
133,95,7557.0,1.0,0,228,38,1.4
144,85,7585.0,2.0,0,229,59,1.6941176470588235
143,86,7605.6227,0.0569,1,229,57,1.6627906976744187
142,87,7618.338,0.0218,1,229,55,1.632183908045977
141,88,7628.4862,0.0674,1,229,53,1.6022727272727273
140,89,7633.2446,0.0529,1,229,51,1.5730337078651686
139,90,7634.651,0.0105,1,229,49,1.5444444444444445
138,91,7629.8752,0.0143,1,229,47,1.5164835164835164
137,92,7620.7218,0.0259,1,229,45,1.4891304347826086
136,93,7605.9921,0.4418,1,229,43,1.4623655913978495
135,94,7586.8834,0.2648,1,229,41,1.4361702127659575
134,95,7562.5697,0.4644,1,229,39,1.4105263157894736
144,86,7595.0,1.0,0,230,58,1.6744186046511629
143,87,7603.7052,0.0284,1,230,56,1.6436781609195403
142,88,7621.9144,0.0448,1,230,54,1.6136363636363635
141,89,7621.4604,0.0689,1,230,52,1.5842696629213484
140,90,7630.9974,0.0053,1,230,50,1.5555555555555556
139,91,7621.8958,0.0132,1,230,48,1.5274725274725274
138,92,7620.9227,0.0196,1,230,46,1.5
137,93,7601.7751,0.2392,1,230,44,1.4731182795698925
136,94,7591.0016,0.0628,1,230,42,1.446808510638298
135,95,7562.0,1.0,0,230,40,1.4210526315789473
145,86,7579.0,1.0,0,231,59,1.686046511627907
144,87,7594.5009,0.0335,1,231,57,1.6551724137931034
143,88,7607.8418,0.0492,1,231,55,1.625
142,89,7615.0768,0.0565,1,231,53,1.595505617977528
141,90,7620.1188,0.0053,1,231,51,1.5666666666666667
140,91,7618.4267,0.0077,1,231,49,1.5384615384615385
139,92,7613.3879,0.0116,1,231,47,1.5108695652173914
138,93,7602.1321,0.2214,1,231,45,1.4838709677419355
137,94,7587.1224,0.0955,1,231,43,1.4574468085106382
136,95,7566.0,1.0,0,231,41,1.431578947368421
135,96,7542.0,1.0,0,231,39,1.40625
145,87,7579.3481,0.0602,1,232,58,1.6666666666666667
144,88,7600.0099,0.0394,1,232,56,1.6363636363636365
143,89,7602.4245,0.0562,1,232,54,1.6067415730337078
142,90,7615.0338,0.0061,1,232,52,1.5777777777777777
141,91,7609.5072,0.033,1,232,50,1.5494505494505495
140,92,7611.8984,0.0078,1,232,48,1.5217391304347827
139,93,7597.0,0.0,0,232,46,1.4946236559139785
138,94,7588.9839,0.0728,1,232,44,1.4680851063829787
137,95,7564.0,1.0,0,232,42,1.4421052631578948
136,96,7548.0,1.0,0,232,40,1.4166666666666667
146,87,7569.2398,0.084,1,233,59,1.6781609195402298
145,88,7585.5644,0.0369,1,233,57,1.6477272727272727
144,89,7595.1939,0.056,1,233,55,1.6179775280898876
143,90,7602.8937,0.0061,1,233,53,1.5888888888888888
142,91,7604.8675,0.0057,1,233,51,1.5604395604395604
141,92,7603.9574,0.0097,1,233,49,1.5326086956521738
140,93,7596.1816,0.2188,1,233,47,1.5053763440860215
139,94,7583.7968,0.2325,1,233,45,1.4787234042553192
138,95,7567.0,0.0,0,233,43,1.4526315789473685
137,96,7546.002,0.348,1,233,41,1.4270833333333333
136,97,7519.0,1.0,0,233,39,1.402061855670103
146,88,7576.5439,0.0358,1,234,58,1.6590909090909092
145,89,7582.1297,0.0597,1,234,56,1.6292134831460674
144,90,7596.8557,0.0111,1,234,54,1.6
143,91,7594.6837,0.0175,1,234,52,1.5714285714285714
142,92,7600.716,0.0048,1,234,50,1.5434782608695652
141,93,7589.6382,0.0359,1,234,48,1.5161290322580645
140,94,7584.6061,0.0291,1,234,46,1.4893617021276595
139,95,7564.0,1.0,0,234,44,1.4631578947368422
138,96,7550.6868,0.073,1,234,42,1.4375
137,97,7519.0,1.0,0,234,40,1.4123711340206186
147,88,7561.0,1.0,0,235,59,1.6704545454545454
146,89,7573.5051,0.0595,1,235,57,1.6404494382022472
145,90,7584.3862,0.0555,1,235,55,1.6111111111111112
144,91,7588.4139,0.0595,1,235,53,1.5824175824175823
143,92,7590.9151,0.0048,1,235,51,1.5543478260869565
142,93,7587.0571,0.0059,1,235,49,1.5268817204301075
141,94,7578.8799,0.0873,1,235,47,1.5
140,95,7565.1582,0.2246,1,235,45,1.4736842105263157
139,96,7547.0,0.0,0,235,43,1.4479166666666667
138,97,7524.0,2.0,0,235,41,1.422680412371134
147,89,7559.2423,0.1618,1,236,58,1.651685393258427
146,90,7576.9688,0.0592,1,236,56,1.6222222222222222
145,91,7577.5573,0.0592,1,236,54,1.5934065934065933
144,92,7586.4854,0.0047,1,236,52,1.565217391304348
143,93,7579.2148,0.2136,1,236,50,1.5376344086021505
142,94,7577.9192,0.0077,1,236,48,1.5106382978723405
141,95,7561.0,1.0,0,236,46,1.4842105263157894
140,96,7550.309,0.0747,1,236,44,1.4583333333333333
139,97,7523.0,2.0,0,236,42,1.4329896907216495
148,89,7550.0,2.0,0,237,59,1.6629213483146068
147,90,7563.4433,0.0668,1,237,57,1.6333333333333333
146,91,7570.3847,0.055,1,237,55,1.6043956043956045
145,92,7576.1026,0.0051,1,237,53,1.576086956521739
144,93,7574.9895,0.0047,1,237,51,1.5483870967741935
143,94,7570.7599,0.0072,1,237,49,1.5212765957446808
142,95,7561.0,0.0,0,237,47,1.4947368421052631
141,96,7546.6241,0.3139,1,237,45,1.46875
140,97,7527.0,1.0,0,237,43,1.443298969072165
139,98,7503.3507,0.4107,1,237,41,1.4183673469387754
148,90,7555.0,1.0,0,238,58,1.6444444444444444
147,91,7558.3449,0.0665,1,238,56,1.6153846153846154
146,92,7570.1262,0.0063,1,238,54,1.5869565217391304
145,93,7566.222,0.0048,1,238,52,1.5591397849462365
144,94,7568.3611,0.0048,1,238,50,1.5319148936170213
143,95,7555.5853,0.2475,1,238,48,1.5052631578947369
142,96,7547.9966,0.0514,1,238,46,1.4791666666666667
141,97,7525.0,1.0,0,238,44,1.4536082474226804
140,98,7509.0,1.0,0,238,42,1.4285714285714286
149,90,7540.0,2.0,0,239,59,1.6555555555555554
148,91,7550.0,1.0,0,239,57,1.6263736263736264
147,92,7558.5624,0.0063,1,239,55,1.5978260869565217
146,93,7560.568,0.0055,1,239,53,1.5698924731182795
145,94,7560.3187,0.0047,1,239,51,1.5425531914893618
144,95,7553.6891,0.0083,1,239,49,1.5157894736842106
143,96,7543.0659,0.6279,1,239,47,1.4895833333333333
142,97,7527.0,1.0,0,239,45,1.4639175257731958
141,98,7507.0,1.0,0,239,43,1.4387755102040816
140,99,7481.0,1.0,0,239,41,1.4141414141414141
149,91,7537.0,1.0,0,240,58,1.6373626373626373
148,92,7551.7705,0.0106,1,240,56,1.608695652173913
147,93,7550.1743,0.071,1,240,54,1.5806451612903225
146,94,7556.0433,0.0046,1,240,52,1.553191489361702
145,95,7547.0136,0.0576,1,240,50,1.5263157894736843
144,96,7542.8617,0.0079,1,240,48,1.5
143,97,7523.0,1.0,0,240,46,1.4742268041237114
142,98,7510.24,0.0751,1,240,44,1.4489795918367347
141,99,7481.0,2.0,0,240,42,1.4242424242424243
150,91,7528.0,1.0,0,241,59,1.6483516483516483
149,92,7539.0,1.0,0,241,57,1.6195652173913044
148,93,7544.0426,0.415,1,241,55,1.5913978494623655
147,94,7546.4395,0.0046,1,241,53,1.5638297872340425
146,95,7543.2795,0.0046,1,241,51,1.5368421052631578
145,96,7536.8488,0.0067,1,241,49,1.5104166666666667
144,97,7524.0,1.0,0,241,47,1.4845360824742269
143,98,7507.0,1.0,0,241,45,1.4591836734693877
142,99,7485.0,1.0,0,241,43,1.4343434343434343
141,100,7459.0,1.0,0,241,41,1.41
150,92,7532.0,1.0,0,242,58,1.6304347826086956
149,93,7533.4042,0.8265,1,242,56,1.6021505376344085
148,94,7541.3284,0.0052,1,242,54,1.574468085106383
147,95,7534.9917,0.0046,1,242,52,1.5473684210526315
146,96,7534.504,0.0047,1,242,50,1.5208333333333333
145,97,7519.0,1.0,0,242,48,1.4948453608247423
144,98,7509.0991,0.0533,1,242,46,1.469387755102041
143,99,7483.0,1.0,0,242,44,1.4444444444444444
142,100,7465.0,2.0,0,242,42,1.42
151,92,7518.0,1.0,0,243,59,1.641304347826087
150,93,7526.0,0.0,0,243,57,1.6129032258064515
149,94,7531.0087,0.0105,1,243,55,1.5851063829787233
148,95,7530.1742,0.0057,1,243,53,1.5578947368421052
147,96,7526.9261,0.0062,1,243,51,1.53125
146,97,7517.5021,0.0186,1,243,49,1.5051546391752577
145,98,7505.0,1.0,0,243,47,1.4795918367346939
144,99,7486.0,1.0,0,243,45,1.4545454545454546
143,100,7464.0,1.0,0,243,43,1.43
151,93,7514.0,0.0,0,244,58,1.6236559139784945
150,94,7524.8154,0.0096,1,244,56,1.5957446808510638
149,95,7521.3095,0.0061,1,244,54,1.568421052631579
148,96,7523.9527,0.0045,1,244,52,1.5416666666666667
147,97,7511.4759,0.059,1,244,50,1.5154639175257731
146,98,7505.1373,0.0107,1,244,48,1.489795918367347
145,99,7483.0,1.0,0,244,46,1.4646464646464648
144,100,7468.0,1.0,0,244,44,1.44
143,101,7438.0,2.0,0,244,42,1.4158415841584158
152,93,7506.0,1.0,0,245,59,1.6344086021505377
151,94,7513.2822,0.0556,1,245,57,1.6063829787234043
150,95,7515.3043,0.0077,1,245,55,1.5789473684210527
149,96,7515.7677,0.0047,1,245,53,1.5520833333333333
148,97,7509.2714,0.0073,1,245,51,1.5257731958762886
147,98,7499.6644,0.0099,1,245,49,1.5
146,99,7485.0,1.0,0,245,47,1.4747474747474747
145,100,7465.0,1.0,0,245,45,1.45
144,101,7441.0,1.0,0,245,43,1.4257425742574257
152,94,7506.5401,0.0609,1,246,58,1.6170212765957446
151,95,7505.0,0.0,0,246,56,1.5894736842105264
150,96,7511.4716,0.0062,1,246,54,1.5625
149,97,7502.8035,0.244,1,246,52,1.5360824742268042
148,98,7499.122,0.0062,1,246,50,1.510204081632653
147,99,7480.7849,0.3655,1,246,48,1.4848484848484849
146,100,7467.9608,0.0556,1,246,46,1.46
145,101,7441.0,1.0,0,246,44,1.4356435643564356
153,94,7493.0,1.0,0,247,59,1.627659574468085
152,95,7499.0,0.0,0,247,57,1.6
151,96,7501.9318,0.0154,1,247,55,1.5729166666666667
150,97,7498.9408,0.021,1,247,53,1.5463917525773196
149,98,7493.2638,0.058,1,247,51,1.5204081632653061
148,99,7480.1005,0.0787,1,247,49,1.494949494949495
147,100,7464.0,1.0,0,247,47,1.47
146,101,7444.0,1.0,0,247,45,1.4455445544554455
153,95,7487.0,1.0,0,248,58,1.6105263157894736
152,96,7496.7291,0.0095,1,248,56,1.5833333333333333
151,97,7490.5975,0.2018,1,248,54,1.556701030927835
150,98,7491.044,0.0207,1,248,52,1.530612244897959
149,99,7476.0,0.0,0,248,50,1.505050505050505
148,100,7465.9451,0.0343,1,248,48,1.48
147,101,7442.0,1.0,0,248,46,1.4554455445544554
146,102,7424.0,1.0,0,248,44,1.4313725490196079
154,95,7479.0,1.0,0,249,59,1.6210526315789473
153,96,7485.551,0.0095,1,249,57,1.59375
152,97,7486.041,0.005,1,249,55,1.5670103092783505
151,98,7483.3954,0.0048,1,249,53,1.5408163265306123
150,99,7474.0,0.0,0,249,51,1.5151515151515151
149,100,7461.8649,0.0249,1,249,49,1.49
148,101,7444.0169,0.6603,1,249,47,1.4653465346534653
147,102,7422.0,1.0,0,249,45,1.4411764705882353
154,96,7478.9385,0.0411,1,250,58,1.6041666666666667
153,97,7475.9594,0.0116,1,250,56,1.577319587628866
152,98,7479.9567,0.0062,1,250,54,1.5510204081632653
151,99,7469.0,0.0,0,250,52,1.5252525252525253
150,100,7462.0905,0.0316,1,250,50,1.5
149,101,7441.6533,0.3637,1,250,48,1.4752475247524752
148,102,7426.0,1.0,0,250,46,1.4509803921568627
155,96,7466.7233,0.0904,1,251,59,1.6145833333333333
154,97,7469.2637,0.0428,1,251,57,1.5876288659793814
153,98,7470.5014,0.0155,1,251,55,1.5612244897959184
152,99,7465.8842,0.0211,1,251,53,1.5353535353535352
151,100,7457.0013,0.0569,1,251,51,1.51
150,101,7441.9005,0.0754,1,251,49,1.4851485148514851
149,102,7423.0,1.0,0,251,47,1.4607843137254901
148,103,7400.0,1.0,0,251,45,1.4368932038834952
156,96,7460.0,1.0,0,252,60,1.625
155,97,7459.0,1.0,0,252,58,1.597938144329897
154,98,7465.3474,0.0094,1,252,56,1.5714285714285714
153,99,7457.2428,0.1986,1,252,54,1.5454545454545454
152,100,7456.0351,0.0207,1,252,52,1.52
151,101,7438.4444,0.3622,1,252,50,1.495049504950495
150,102,7425.7992,0.0369,1,252,48,1.4705882352941178
149,103,7400.0,1.0,0,252,46,1.4466019417475728
156,97,7451.0,1.0,0,253,59,1.6082474226804124
155,98,7454.8297,0.0168,1,253,57,1.5816326530612246
154,99,7452.8879,0.0049,1,253,55,1.5555555555555556
153,100,7448.4712,0.0061,1,253,53,1.53
152,101,7438.0,0.0,0,253,51,1.504950495049505
151,102,7422.4719,0.0273,1,253,49,1.4803921568627452
150,103,7402.918,0.6503,1,253,47,1.4563106796116505
149,104,7380.0,2.0,0,253,45,1.4326923076923077
157,97,7440.0,1.0,0,254,60,1.6185567010309279
156,98,7449.2259,0.0451,1,254,58,1.5918367346938775
155,99,7443.5759,0.0116,1,254,56,1.5656565656565657
154,100,7444.7936,0.0073,1,254,54,1.54
153,101,7432.0,0.0,0,254,52,1.5148514851485149
152,102,7423.5909,0.038,1,254,50,1.4901960784313726
151,103,7401.1306,0.3595,1,254,48,1.4660194174757282
150,104,7384.0,1.0,0,254,46,1.4423076923076923
157,98,7438.0,1.0,0,255,59,1.6020408163265305
156,99,7437.8216,0.0424,1,255,57,1.5757575757575757
155,100,7435.886,0.0154,1,255,55,1.55
154,101,7428.7333,0.0218,1,255,53,1.5247524752475248
153,102,7417.9403,0.0551,1,255,51,1.5
152,103,7402.5767,0.0694,1,255,49,1.4757281553398058
151,104,7382.0,1.0,0,255,47,1.4519230769230769
150,105,7359.0,1.0,0,255,45,1.4285714285714286
158,98,7432.0,1.0,0,256,60,1.6122448979591837
157,99,7428.0,0.0,0,256,58,1.5858585858585859
156,100,7431.7888,0.0118,1,256,56,1.56
155,101,7421.0,0.0,0,256,54,1.5346534653465347
154,102,7416.5429,0.0295,1,256,52,1.5098039215686274
153,103,7398.1605,0.3238,1,256,50,1.4854368932038835
152,104,7385.4349,0.0697,1,256,48,1.4615384615384615
151,105,7359.0,1.0,0,256,46,1.438095238095238
158,99,7422.0,2.0,0,257,59,1.595959595959596
157,100,7422.1942,0.0169,1,257,57,1.57
156,101,7417.5845,0.0061,1,257,55,1.5445544554455446
155,102,7409.6587,0.0241,1,257,53,1.5196078431372548
154,103,7397.0,0.0,0,257,51,1.4951456310679612
153,104,7381.7053,0.0421,1,257,49,1.4711538461538463
152,105,7361.9767,0.6406,1,257,47,1.4476190476190476
159,99,7412.0,2.0,0,258,60,1.606060606060606
158,100,7418.0,1.0,0,258,58,1.58
157,101,7409.6615,0.0135,1,258,56,1.5544554455445545
156,102,7407.0,0.0,0,258,54,1.5294117647058822
155,103,7392.0,0.0,0,258,52,1.5048543689320388
154,104,7382.5257,0.0624,1,258,50,1.4807692307692308
153,105,7359.4803,0.356,1,258,48,1.457142857142857
152,106,7342.0,2.0,0,258,46,1.4339622641509433
159,100,7407.0,1.0,0,259,59,1.59
158,101,7405.0,0.0,0,259,57,1.5643564356435644
157,102,7399.9714,0.0246,1,259,55,1.5392156862745099
156,103,7390.0,0.0,0,259,53,1.5145631067961165
155,104,7377.0,0.0,0,259,51,1.4903846153846154
154,105,7360.3626,0.2189,1,259,49,1.4666666666666666
153,106,7340.0,1.0,0,259,47,1.4433962264150944
160,100,7402.0,2.0,0,260,60,1.6
159,101,7396.0,1.0,0,260,58,1.5742574257425743
158,102,7397.0,1.0,0,260,56,1.5490196078431373
157,103,7383.0,0.0,0,260,54,1.5242718446601942
156,104,7377.0,1.0,0,260,52,1.5
155,105,7357.0,0.0,0,260,50,1.4761904761904763
154,106,7342.5632,0.079,1,260,48,1.4528301886792452
153,107,7314.0,1.0,0,260,46,1.4299065420560748
160,101,7391.0,2.0,0,261,59,1.5841584158415842
159,102,7388.0,1.0,0,261,57,1.5588235294117647
158,103,7381.0,1.0,0,261,55,1.5339805825242718
157,104,7371.3858,0.2516,1,261,53,1.5096153846153846
156,105,7357.0,0.0,0,261,51,1.4857142857142858
155,106,7339.771,0.0709,1,261,49,1.4622641509433962
154,107,7317.3313,0.6889,1,261,47,1.439252336448598
161,101,7382.0,2.0,0,262,60,1.5940594059405941
160,102,7385.0,1.0,0,262,58,1.5686274509803921
159,103,7374.0,1.0,0,262,56,1.5436893203883495
158,104,7370.0,1.0,0,262,54,1.5192307692307692
157,105,7352.0,1.0,0,262,52,1.4952380952380953
156,106,7341.1736,0.0846,1,262,50,1.471698113207547
155,107,7315.7331,0.3552,1,262,48,1.4485981308411215
161,102,7376.0,2.0,0,263,59,1.5784313725490196
160,103,7371.0,1.0,0,263,57,1.5533980582524272
159,104,7364.0,1.0,0,263,55,1.5288461538461537
158,105,7352.0,1.0,0,263,53,1.5047619047619047
157,106,7337.0,0.0,0,263,51,1.4811320754716981
156,107,7318.0,1.0,0,263,49,1.4579439252336448
155,108,7295.0,1.0,0,263,47,1.4351851851851851
162,102,7371.0,2.0,0,264,60,1.588235294117647
161,103,7363.0,2.0,0,264,58,1.5631067961165048
160,104,7361.0,1.0,0,264,56,1.5384615384615385
159,105,7346.0,1.0,0,264,54,1.5142857142857142
158,106,7338.0,1.0,0,264,52,1.490566037735849
157,107,7315.0,1.0,0,264,50,1.4672897196261683
156,108,7298.3762,0.1094,1,264,48,1.4444444444444444
162,103,7359.0,2.0,0,265,59,1.5728155339805825
161,104,7354.0,1.0,0,265,57,1.5480769230769231
160,105,7345.0,1.0,0,265,55,1.5238095238095237
159,106,7333.0,1.0,0,265,53,1.5
158,107,7316.0,1.0,0,265,51,1.4766355140186915
157,108,7296.2474,0.0904,1,265,49,1.4537037037037037
156,109,7272.0,2.0,0,265,47,1.4311926605504588
163,103,7349.0,2.0,0,266,60,1.5825242718446602
162,104,7351.0,2.0,0,266,58,1.5576923076923077
161,105,7339.0,1.0,0,266,56,1.5333333333333334
160,106,7332.0,1.0,0,266,54,1.509433962264151
159,107,7313.0,1.0,0,266,52,1.485981308411215
158,108,7298.2611,0.1019,1,266,50,1.462962962962963
157,109,7270.7598,0.3627,1,266,48,1.4403669724770642
163,104,7342.0,2.0,0,267,59,1.5673076923076923
162,105,7337.0,1.0,0,267,57,1.542857142857143
161,106,7327.0,1.0,0,267,55,1.5188679245283019
160,107,7313.0,1.0,0,267,53,1.4953271028037383
159,108,7295.0,0.0,0,267,51,1.4722222222222223
158,109,7273.0,2.0,0,267,49,1.4495412844036697
157,110,7248.0,1.0,0,267,47,1.4272727272727272
164,104,7337.0,2.0,0,268,60,1.5769230769230769
163,105,7328.0,2.0,0,268,58,1.5523809523809524
162,106,7326.0,2.0,0,268,56,1.528301886792453
161,107,7309.0,1.0,0,268,54,1.5046728971962617
160,108,7297.0,1.0,0,268,52,1.4814814814814814
159,109,7271.0,1.0,0,268,50,1.4587155963302751
158,110,7252.0,1.0,0,268,48,1.4363636363636363
164,105,7323.0,2.0,0,269,59,1.561904761904762
163,106,7318.0,1.0,0,269,57,1.5377358490566038
162,107,7309.0,1.0,0,269,55,1.514018691588785
161,108,7294.0,0.0,0,269,53,1.4907407407407407
160,109,7274.0,1.0,0,269,51,1.4678899082568808
159,110,7250.1551,0.1167,1,269,49,1.4454545454545455
165,105,7314.0,2.0,0,270,60,1.5714285714285714
164,106,7314.0,2.0,0,270,58,1.5471698113207548
163,107,7301.0,1.0,0,270,56,1.5233644859813085
162,108,7295.0,1.0,0,270,54,1.5
161,109,7271.0,1.0,0,270,52,1.4770642201834863
160,110,7253.7634,0.1455,1,270,50,1.4545454545454546
165,106,7305.0,2.0,0,271,59,1.5566037735849056
164,107,7298.0,1.0,0,271,57,1.5327102803738317
163,108,7288.0,1.0,0,271,55,1.5092592592592593
162,109,7273.0,1.0,0,271,53,1.4862385321100917
161,110,7252.0,0.0,0,271,51,1.4636363636363636
166,106,7301.0,3.0,0,272,60,1.5660377358490567
165,107,7290.0,2.0,0,272,58,1.5420560747663552
164,108,7286.0,2.0,0,272,56,1.5185185185185186
163,109,7267.0,2.0,0,272,54,1.4954128440366972
162,110,7255.0,2.0,0,272,52,1.4727272727272727
161,111,7227.0,1.0,0,272,50,1.4504504504504505
167,106,7292.0,1.0,0,273,61,1.5754716981132075
166,107,7286.0,2.0,0,273,59,1.5514018691588785
165,108,7279.0,1.0,0,273,57,1.5277777777777777
164,109,7265.0,2.0,0,273,55,1.5045871559633028
163,110,7250.0,1.0,0,273,53,1.481818181818182
162,111,7230.0,1.0,0,273,51,1.4594594594594594
167,107,7278.0,2.0,0,274,60,1.560747663551402
166,108,7276.0,2.0,0,274,58,1.537037037037037
165,109,7259.0,1.0,0,274,56,1.5137614678899083
164,110,7249.0,1.0,0,274,54,1.490909090909091
163,111,7227.0,1.0,0,274,52,1.4684684684684686
168,107,7273.0,2.0,0,275,61,1.5700934579439252
167,108,7268.0,2.0,0,275,59,1.5462962962962963
166,109,7257.0,1.0,0,275,57,1.5229357798165137
165,110,7243.0,1.0,0,275,55,1.5
164,111,7227.0,2.0,0,275,53,1.4774774774774775
169,107,7265.0,2.0,0,276,62,1.5794392523364487
168,108,7265.0,3.0,0,276,60,1.5555555555555556
167,109,7250.0,2.0,0,276,58,1.5321100917431192
166,110,7243.0,2.0,0,276,56,1.509090909090909
165,111,7223.0,2.0,0,276,54,1.4864864864864864
164,112,7209.0,2.0,0,276,52,1.4642857142857142
170,107,7260.0,2.0,0,277,63,1.588785046728972
169,108,7256.0,2.0,0,277,61,1.5648148148148149
168,109,7247.0,2.0,0,277,59,1.5412844036697249
167,110,7237.0,1.0,0,277,57,1.518181818181818
166,111,7222.0,2.0,0,277,55,1.4954954954954955
165,112,7205.0,1.0,0,277,53,1.4732142857142858
171,107,7251.0,1.0,0,278,64,1.5981308411214954
170,108,7252.0,1.0,0,278,62,1.5740740740740742
169,109,7240.0,2.0,0,278,60,1.5504587155963303
168,110,7236.0,2.0,0,278,58,1.5272727272727273
167,111,7218.0,1.0,0,278,56,1.5045045045045045
166,112,7206.0,2.0,0,278,54,1.4821428571428572
165,113,7181.0,1.0,0,278,52,1.4601769911504425
171,108,7243.0,2.0,0,279,63,1.5833333333333333
170,109,7237.0,2.0,0,279,61,1.5596330275229358
169,110,7229.0,2.0,0,279,59,1.5363636363636364
168,111,7216.0,2.0,0,279,57,1.5135135135135136
167,112,7202.0,1.0,0,279,55,1.4910714285714286
166,113,7183.0,2.0,0,279,53,1.4690265486725664
172,108,7239.0,2.0,0,280,64,1.5925925925925926
171,109,7229.0,2.0,0,280,62,1.5688073394495412
170,110,7227.0,3.0,0,280,60,1.5454545454545454
169,111,7212.0,2.0,0,280,58,1.5225225225225225
168,112,7202.0,2.0,0,280,56,1.5
167,113,7180.0,1.0,0,280,54,1.4778761061946903
172,109,7225.0,2.0,0,281,63,1.5779816513761469
171,110,7220.0,2.0,0,281,61,1.5545454545454545
170,111,7209.0,3.0,0,281,59,1.5315315315315314
169,112,7197.0,1.0,0,281,57,1.5089285714285714
168,113,7181.0,1.0,0,281,55,1.4867256637168142
173,109,7218.0,2.0,0,282,64,1.5871559633027523
172,110,7217.0,1.0,0,282,62,1.5636363636363637
171,111,7204.0,2.0,0,282,60,1.5405405405405406
170,112,7197.0,2.0,0,282,58,1.5178571428571428
169,113,7177.0,1.0,0,282,56,1.4955752212389382
173,110,7210.0,2.0,0,283,63,1.5727272727272728
172,111,7201.0,2.0,0,283,61,1.5495495495495495
171,112,7192.0,2.0,0,283,59,1.5267857142857142
170,113,7177.0,2.0,0,283,57,1.5044247787610618
174,110,7207.0,2.0,0,284,64,1.5818181818181818
173,111,7195.0,2.0,0,284,62,1.5585585585585586
172,112,7191.0,3.0,0,284,60,1.5357142857142858
171,113,7173.0,2.0,0,284,58,1.5132743362831858
170,114,7163.0,2.0,0,284,56,1.4912280701754386
174,111,7192.0,2.0,0,285,63,1.5675675675675675
173,112,7185.0,2.0,0,285,61,1.5446428571428572
172,113,7172.0,3.0,0,285,59,1.5221238938053097
171,114,7159.0,1.0,0,285,57,1.5
175,111,7185.0,2.0,0,286,64,1.5765765765765767
174,112,7183.0,2.0,0,286,62,1.5535714285714286
173,113,7168.0,2.0,0,286,60,1.5309734513274336
172,114,7159.0,2.0,0,286,58,1.5087719298245614
175,112,7176.0,2.0,0,287,63,1.5625
174,113,7166.0,2.0,0,287,61,1.5398230088495575
173,114,7155.0,2.0,0,287,59,1.5175438596491229
172,115,7139.0,2.0,0,287,57,1.4956521739130435
176,112,7174.0,2.0,0,288,64,1.5714285714285714
175,113,7160.0,2.0,0,288,62,1.5486725663716814
174,114,7154.0,3.0,0,288,60,1.5263157894736843
173,115,7135.0,2.0,0,288,58,1.5043478260869565
176,113,7158.0,2.0,0,289,63,1.5575221238938053
175,114,7149.0,2.0,0,289,61,1.5350877192982457
174,115,7135.0,3.0,0,289,59,1.5130434782608695
173,116,7119.0,2.0,0,289,57,1.4913793103448276
177,113,7152.0,2.0,0,290,64,1.5663716814159292
176,114,7147.0,2.0,0,290,62,1.543859649122807
175,115,7131.0,2.0,0,290,60,1.5217391304347827
174,116,7120.0,2.0,0,290,58,1.5
177,114,7141.0,2.0,0,291,63,1.5526315789473684
176,115,7129.0,3.0,0,291,61,1.5304347826086957
175,116,7116.0,2.0,0,291,59,1.5086206896551724
174,117,7098.0,2.0,0,291,57,1.4871794871794872
177,115,7124.0,2.0,0,292,62,1.5391304347826087
176,116,7116.0,3.0,0,292,60,1.5172413793103448
175,117,7095.0,2.0,0,292,58,1.4957264957264957
177,116,7111.0,2.0,0,293,61,1.5258620689655173
176,117,7095.0,3.0,0,293,59,1.5042735042735043
175,118,7078.0,2.0,0,293,57,1.4830508474576272
177,117,7092.0,2.0,0,294,60,1.5128205128205128
176,118,7079.0,2.0,0,294,58,1.4915254237288136
177,118,7076.0,2.0,0,295,59,1.5
